     -0.99000  0.50798E+04  0.66942E+04  0.81511E+04  0.89577E+04  0.10843E+05
     -0.98000  0.23385E+04  0.27783E+04  0.33943E+04  0.39577E+04  0.44542E+04
     -0.97000  0.16996E+04  0.20177E+04  0.24685E+04  0.29092E+04  0.37095E+04
     -0.96000  0.12549E+04  0.19192E+04  0.22452E+04  0.23716E+04  0.30171E+04
     -0.95000  0.10785E+04  0.15686E+04  0.19990E+04  0.26355E+04  0.28212E+04
     -0.94000  0.10271E+04  0.12632E+04  0.17285E+04  0.19607E+04  0.22478E+04
     -0.93000  0.98500E+03  0.14314E+04  0.16608E+04  0.20887E+04  0.22456E+04
     -0.92000  0.91981E+03  0.12750E+04  0.14481E+04  0.17208E+04  0.19708E+04
     -0.91000  0.83765E+03  0.11894E+04  0.14661E+04  0.16398E+04  0.20514E+04
     -0.90000  0.66206E+03  0.10775E+04  0.11565E+04  0.14665E+04  0.19587E+04
     -0.89000  0.78893E+03  0.10459E+04  0.13301E+04  0.16163E+04  0.18708E+04
     -0.88000  0.67075E+03  0.11240E+04  0.13976E+04  0.11447E+04  0.15395E+04
     -0.87000  0.69089E+03  0.10060E+04  0.12683E+04  0.15257E+04  0.16496E+04
     -0.86000  0.70413E+03  0.81877E+03  0.94073E+03  0.13135E+04  0.13719E+04
     -0.85000  0.66215E+03  0.89691E+03  0.94880E+03  0.12535E+04  0.14722E+04
     -0.84000  0.67989E+03  0.83568E+03  0.10367E+04  0.14640E+04  0.12706E+04
     -0.83000  0.51862E+03  0.75830E+03  0.83677E+03  0.12867E+04  0.14735E+04
     -0.82000  0.52244E+03  0.90022E+03  0.10676E+04  0.11346E+04  0.14003E+04
     -0.81000  0.56062E+03  0.79950E+03  0.94910E+03  0.11504E+04  0.12213E+04
     -0.80000  0.56265E+03  0.86048E+03  0.10245E+04  0.12656E+04  0.12709E+04
     -0.79000  0.62671E+03  0.69965E+03  0.91610E+03  0.10660E+04  0.12044E+04
     -0.78000  0.56682E+03  0.75595E+03  0.10706E+04  0.11341E+04  0.12276E+04
     -0.77000  0.53286E+03  0.70438E+03  0.94433E+03  0.84139E+03  0.98845E+03
     -0.76000  0.42430E+03  0.70691E+03  0.89476E+03  0.10151E+04  0.11725E+04
     -0.75000  0.52290E+03  0.84825E+03  0.88712E+03  0.90432E+03  0.12826E+04
     -0.74000  0.50845E+03  0.63454E+03  0.88519E+03  0.11388E+04  0.12319E+04
     -0.73000  0.47927E+03  0.83790E+03  0.58109E+03  0.10941E+04  0.12919E+04
     -0.72000  0.49544E+03  0.65534E+03  0.74788E+03  0.90764E+03  0.11150E+04
     -0.71000  0.31869E+03  0.62416E+03  0.87665E+03  0.75719E+03  0.94283E+03
     -0.70000  0.46765E+03  0.62857E+03  0.93216E+03  0.93910E+03  0.10532E+04
     -0.69000  0.46242E+03  0.53016E+03  0.82786E+03  0.98409E+03  0.10346E+04
     -0.68000  0.42007E+03  0.69917E+03  0.91348E+03  0.90632E+03  0.93585E+03
     -0.67000  0.41936E+03  0.65301E+03  0.91279E+03  0.80262E+03  0.11503E+04
     -0.66000  0.44979E+03  0.53739E+03  0.63099E+03  0.71888E+03  0.10890E+04
     -0.65000  0.33853E+03  0.56233E+03  0.74187E+03  0.68366E+03  0.95398E+03
     -0.64000  0.35293E+03  0.72793E+03  0.82179E+03  0.82784E+03  0.10094E+04
     -0.63000  0.42256E+03  0.69976E+03  0.73711E+03  0.92629E+03  0.10113E+04
     -0.62000  0.45231E+03  0.67755E+03  0.70430E+03  0.92794E+03  0.11656E+04
     -0.61000  0.39297E+03  0.56343E+03  0.76546E+03  0.79485E+03  0.98708E+03
     -0.60000  0.36251E+03  0.51203E+03  0.62549E+03  0.83302E+03  0.91186E+03
     -0.59000  0.36184E+03  0.59252E+03  0.71830E+03  0.67186E+03  0.10128E+04
     -0.58000  0.40286E+03  0.42843E+03  0.81853E+03  0.62237E+03  0.73797E+03
     -0.57000  0.38826E+03  0.67199E+03  0.66975E+03  0.84428E+03  0.10376E+04
     -0.56000  0.42123E+03  0.53549E+03  0.82861E+03  0.85825E+03  0.10402E+04
     -0.55000  0.41041E+03  0.47194E+03  0.70620E+03  0.84396E+03  0.90185E+03
     -0.54000  0.36907E+03  0.57408E+03  0.77221E+03  0.71541E+03  0.85902E+03
     -0.53000  0.44268E+03  0.48016E+03  0.72287E+03  0.84112E+03  0.89826E+03
     -0.52000  0.29396E+03  0.54909E+03  0.76822E+03  0.82643E+03  0.81742E+03
     -0.51000  0.38560E+03  0.48683E+03  0.58572E+03  0.68843E+03  0.96268E+03
     -0.50000  0.48590E+03  0.52412E+03  0.63679E+03  0.82206E+03  0.10210E+04
     -0.49000  0.40747E+03  0.46335E+03  0.77644E+03  0.65453E+03  0.81656E+03
     -0.48000  0.43344E+03  0.43802E+03  0.65638E+03  0.76605E+03  0.91298E+03
     -0.47000  0.32609E+03  0.63461E+03  0.62574E+03  0.85220E+03  0.96909E+03
     -0.46000  0.34183E+03  0.50291E+03  0.55264E+03  0.82581E+03  0.87340E+03
     -0.45000  0.46773E+03  0.46176E+03  0.61394E+03  0.86678E+03  0.10804E+04
     -0.44000  0.32773E+03  0.51397E+03  0.57841E+03  0.69295E+03  0.70983E+03
     -0.43000  0.36834E+03  0.49188E+03  0.71894E+03  0.75707E+03  0.94922E+03
     -0.42000  0.36586E+03  0.37574E+03  0.65462E+03  0.65102E+03  0.83020E+03
     -0.41000  0.34269E+03  0.67180E+03  0.48978E+03  0.75161E+03  0.88166E+03
     -0.40000  0.41146E+03  0.52459E+03  0.61147E+03  0.79116E+03  0.89973E+03
     -0.39000  0.41372E+03  0.54478E+03  0.49719E+03  0.78330E+03  0.83929E+03
     -0.38000  0.37739E+03  0.47322E+03  0.53292E+03  0.66332E+03  0.70719E+03
     -0.37000  0.48351E+03  0.58419E+03  0.67022E+03  0.82785E+03  0.81261E+03
     -0.36000  0.45425E+03  0.40787E+03  0.70117E+03  0.67672E+03  0.69584E+03
     -0.35000  0.47438E+03  0.48119E+03  0.66851E+03  0.70424E+03  0.81153E+03
     -0.34000  0.35677E+03  0.51717E+03  0.56065E+03  0.66439E+03  0.80093E+03
     -0.33000  0.31073E+03  0.48122E+03  0.66641E+03  0.66988E+03  0.75905E+03
     -0.32000  0.35109E+03  0.42033E+03  0.80545E+03  0.79762E+03  0.93579E+03
     -0.31000  0.34173E+03  0.54308E+03  0.57418E+03  0.61255E+03  0.73328E+03
     -0.30000  0.29277E+03  0.56419E+03  0.51081E+03  0.68872E+03  0.88826E+03
     -0.29000  0.28008E+03  0.52146E+03  0.58555E+03  0.60787E+03  0.69308E+03
     -0.28000  0.37466E+03  0.45126E+03  0.74768E+03  0.77650E+03  0.61599E+03
     -0.27000  0.21305E+03  0.43914E+03  0.65269E+03  0.71515E+03  0.85144E+03
     -0.26000  0.32947E+03  0.39357E+03  0.53576E+03  0.67805E+03  0.80183E+03
     -0.25000  0.48639E+03  0.44784E+03  0.68474E+03  0.75993E+03  0.75228E+03
     -0.24000  0.39174E+03  0.42851E+03  0.56288E+03  0.61315E+03  0.70884E+03
     -0.23000  0.24265E+03  0.29861E+03  0.53550E+03  0.78318E+03  0.80707E+03
     -0.22000  0.29274E+03  0.45343E+03  0.45487E+03  0.82023E+03  0.71260E+03
     -0.21000  0.40490E+03  0.49815E+03  0.60452E+03  0.72909E+03  0.73614E+03
     -0.20000  0.22541E+03  0.60993E+03  0.56962E+03  0.66252E+03  0.84246E+03
     -0.19000  0.33205E+03  0.45201E+03  0.75135E+03  0.85620E+03  0.77871E+03
     -0.18000  0.26731E+03  0.43582E+03  0.75875E+03  0.60299E+03  0.60422E+03
     -0.17000  0.35202E+03  0.49068E+03  0.58378E+03  0.47537E+03  0.80462E+03
     -0.16000  0.40208E+03  0.40725E+03  0.63148E+03  0.62991E+03  0.60578E+03
     -0.15000  0.38988E+03  0.52295E+03  0.65768E+03  0.49457E+03  0.86566E+03
     -0.14000  0.40697E+03  0.36631E+03  0.68314E+03  0.59123E+03  0.79513E+03
     -0.13000  0.30799E+03  0.39857E+03  0.66857E+03  0.56925E+03  0.79436E+03
     -0.12000  0.30491E+03  0.39300E+03  0.62357E+03  0.60108E+03  0.74967E+03
     -0.11000  0.32264E+03  0.59050E+03  0.58695E+03  0.77238E+03  0.90274E+03
     -0.10000  0.23918E+03  0.56688E+03  0.56462E+03  0.64901E+03  0.73293E+03
     -0.09000  0.30876E+03  0.47390E+03  0.51687E+03  0.73110E+03  0.72737E+03
     -0.08000  0.37099E+03  0.50216E+03  0.41268E+03  0.67502E+03  0.72682E+03
     -0.07000  0.36959E+03  0.52242E+03  0.56050E+03  0.74332E+03  0.53668E+03
     -0.06000  0.29759E+03  0.43624E+03  0.62872E+03  0.62588E+03  0.73577E+03
     -0.05000  0.40250E+03  0.54473E+03  0.51133E+03  0.69164E+03  0.72662E+03
     -0.04000  0.52344E+03  0.42432E+03  0.53345E+03  0.52801E+03  0.67039E+03
     -0.03000  0.32078E+03  0.41781E+03  0.61631E+03  0.62413E+03  0.81922E+03
     -0.02000  0.31220E+03  0.34504E+03  0.48757E+03  0.67909E+03  0.67799E+03
     -0.01000  0.32921E+03  0.32732E+03  0.60454E+03  0.79627E+03  0.83196E+03
      0.00000  0.31242E+03  0.58761E+03  0.63002E+03  0.62276E+03  0.67992E+03
      0.01000  0.39552E+03  0.53768E+03  0.52184E+03  0.59646E+03  0.69802E+03
      0.02000  0.19491E+03  0.32586E+03  0.65293E+03  0.71309E+03  0.80193E+03
      0.03000  0.32607E+03  0.44253E+03  0.60189E+03  0.66777E+03  0.73748E+03
      0.04000  0.36429E+03  0.41413E+03  0.68733E+03  0.66674E+03  0.80649E+03
      0.05000  0.38340E+03  0.64679E+03  0.60474E+03  0.77521E+03  0.85733E+03
      0.06000  0.25318E+03  0.52844E+03  0.60710E+03  0.62521E+03  0.60345E+03
      0.07000  0.41713E+03  0.34488E+03  0.61876E+03  0.51370E+03  0.71763E+03
      0.08000  0.40615E+03  0.39915E+03  0.63219E+03  0.62277E+03  0.65943E+03
      0.09000  0.41276E+03  0.35967E+03  0.55285E+03  0.64289E+03  0.77584E+03
      0.10000  0.21385E+03  0.40931E+03  0.53170E+03  0.72843E+03  0.67177E+03
      0.11000  0.45767E+03  0.44594E+03  0.52192E+03  0.79067E+03  0.81865E+03
      0.12000  0.27323E+03  0.43758E+03  0.59150E+03  0.73536E+03  0.84428E+03
      0.13000  0.33372E+03  0.48053E+03  0.59453E+03  0.65542E+03  0.81686E+03
      0.14000  0.41520E+03  0.51455E+03  0.50210E+03  0.83597E+03  0.73642E+03
      0.15000  0.35800E+03  0.42277E+03  0.67448E+03  0.63672E+03  0.72731E+03
      0.16000  0.37103E+03  0.50444E+03  0.65468E+03  0.68776E+03  0.79761E+03
      0.17000  0.43735E+03  0.39037E+03  0.57097E+03  0.71207E+03  0.76977E+03
      0.18000  0.36493E+03  0.38866E+03  0.60411E+03  0.70812E+03  0.83655E+03
      0.19000  0.32567E+03  0.49913E+03  0.59435E+03  0.67738E+03  0.71678E+03
      0.20000  0.35661E+03  0.36162E+03  0.53903E+03  0.71885E+03  0.80486E+03
      0.21000  0.38449E+03  0.58758E+03  0.57766E+03  0.55905E+03  0.82383E+03
      0.22000  0.43586E+03  0.66908E+03  0.57244E+03  0.75450E+03  0.78202E+03
      0.23000  0.36038E+03  0.50852E+03  0.52752E+03  0.68795E+03  0.78545E+03
      0.24000  0.46216E+03  0.30864E+03  0.63156E+03  0.64564E+03  0.65307E+03
      0.25000  0.42919E+03  0.55983E+03  0.59591E+03  0.70762E+03  0.91601E+03
      0.26000  0.31584E+03  0.38280E+03  0.56851E+03  0.81434E+03  0.82243E+03
      0.27000  0.28636E+03  0.44893E+03  0.62502E+03  0.61523E+03  0.86920E+03
      0.28000  0.31441E+03  0.40914E+03  0.58810E+03  0.75329E+03  0.88681E+03
      0.29000  0.24586E+03  0.46525E+03  0.54887E+03  0.71100E+03  0.83380E+03
      0.30000  0.33867E+03  0.48792E+03  0.63929E+03  0.67902E+03  0.68937E+03
      0.31000  0.28285E+03  0.60371E+03  0.56691E+03  0.53936E+03  0.84745E+03
      0.32000  0.33542E+03  0.46221E+03  0.54364E+03  0.78654E+03  0.83132E+03
      0.33000  0.30719E+03  0.41366E+03  0.50496E+03  0.70454E+03  0.74758E+03
      0.34000  0.38202E+03  0.51748E+03  0.49955E+03  0.67343E+03  0.89511E+03
      0.35000  0.28237E+03  0.46516E+03  0.64240E+03  0.66692E+03  0.71305E+03
      0.36000  0.29805E+03  0.56367E+03  0.56623E+03  0.67975E+03  0.88604E+03
      0.37000  0.41020E+03  0.45715E+03  0.59090E+03  0.70364E+03  0.88892E+03
      0.38000  0.31052E+03  0.55378E+03  0.70365E+03  0.78499E+03  0.91279E+03
      0.39000  0.34048E+03  0.74599E+03  0.65606E+03  0.81255E+03  0.82092E+03
      0.40000  0.31679E+03  0.55422E+03  0.70931E+03  0.71363E+03  0.85686E+03
      0.41000  0.39766E+03  0.61556E+03  0.58247E+03  0.76257E+03  0.80030E+03
      0.42000  0.31262E+03  0.47022E+03  0.64220E+03  0.76931E+03  0.77397E+03
      0.43000  0.50134E+03  0.51311E+03  0.50543E+03  0.65938E+03  0.96113E+03
      0.44000  0.27838E+03  0.48604E+03  0.67318E+03  0.70186E+03  0.10264E+04
      0.45000  0.31205E+03  0.66173E+03  0.61397E+03  0.83205E+03  0.78157E+03
      0.46000  0.40504E+03  0.55914E+03  0.55176E+03  0.81897E+03  0.94595E+03
      0.47000  0.42682E+03  0.43245E+03  0.74034E+03  0.63474E+03  0.94513E+03
      0.48000  0.26863E+03  0.41481E+03  0.65595E+03  0.77455E+03  0.10066E+04
      0.49000  0.34052E+03  0.65378E+03  0.64494E+03  0.73231E+03  0.90096E+03
      0.50000  0.33550E+03  0.56964E+03  0.71624E+03  0.70584E+03  0.77373E+03
      0.51000  0.50469E+03  0.48799E+03  0.63597E+03  0.74105E+03  0.85898E+03
      0.52000  0.38770E+03  0.62144E+03  0.77033E+03  0.75511E+03  0.89388E+03
      0.53000  0.34969E+03  0.54970E+03  0.66490E+03  0.69111E+03  0.82188E+03
      0.54000  0.37272E+03  0.59803E+03  0.64568E+03  0.77779E+03  0.94545E+03
      0.55000  0.37069E+03  0.61880E+03  0.78744E+03  0.84756E+03  0.97176E+03
      0.56000  0.44588E+03  0.59753E+03  0.65467E+03  0.59460E+03  0.10200E+04
      0.57000  0.35427E+03  0.49915E+03  0.70339E+03  0.77632E+03  0.95475E+03
      0.58000  0.40593E+03  0.51342E+03  0.76309E+03  0.77458E+03  0.10087E+04
      0.59000  0.37306E+03  0.58912E+03  0.62789E+03  0.79957E+03  0.11152E+04
      0.60000  0.54705E+03  0.52783E+03  0.83389E+03  0.93978E+03  0.11142E+04
      0.61000  0.42171E+03  0.54990E+03  0.72357E+03  0.10500E+04  0.78890E+03
      0.62000  0.51402E+03  0.59724E+03  0.62916E+03  0.80993E+03  0.11406E+04
      0.63000  0.49068E+03  0.65478E+03  0.80128E+03  0.86838E+03  0.88895E+03
      0.64000  0.32987E+03  0.62610E+03  0.81623E+03  0.73896E+03  0.10784E+04
      0.65000  0.56713E+03  0.52329E+03  0.75737E+03  0.86061E+03  0.11535E+04
      0.66000  0.45391E+03  0.56712E+03  0.90506E+03  0.82823E+03  0.87695E+03
      0.67000  0.50674E+03  0.50711E+03  0.65133E+03  0.99778E+03  0.10535E+04
      0.68000  0.53436E+03  0.62162E+03  0.75211E+03  0.95162E+03  0.10550E+04
      0.69000  0.57139E+03  0.57076E+03  0.10015E+04  0.81701E+03  0.10849E+04
      0.70000  0.43947E+03  0.59943E+03  0.84872E+03  0.10303E+04  0.94565E+03
      0.71000  0.42634E+03  0.75135E+03  0.95173E+03  0.89919E+03  0.12045E+04
      0.72000  0.52303E+03  0.62697E+03  0.87909E+03  0.92324E+03  0.10682E+04
      0.73000  0.41147E+03  0.68955E+03  0.69182E+03  0.93396E+03  0.10042E+04
      0.74000  0.52454E+03  0.78242E+03  0.96448E+03  0.77010E+03  0.95821E+03
      0.75000  0.50446E+03  0.70499E+03  0.82683E+03  0.11036E+04  0.12622E+04
      0.76000  0.55677E+03  0.79765E+03  0.10218E+04  0.10177E+04  0.11425E+04
      0.77000  0.51048E+03  0.64960E+03  0.10735E+04  0.86888E+03  0.12392E+04
      0.78000  0.56758E+03  0.75465E+03  0.10113E+04  0.11858E+04  0.11533E+04
      0.79000  0.73796E+03  0.85393E+03  0.93925E+03  0.12216E+04  0.13645E+04
      0.80000  0.47714E+03  0.81096E+03  0.10823E+04  0.11720E+04  0.13033E+04
      0.81000  0.67736E+03  0.74543E+03  0.81176E+03  0.12580E+04  0.12411E+04
      0.82000  0.61106E+03  0.76872E+03  0.11068E+04  0.11488E+04  0.12474E+04
      0.83000  0.53530E+03  0.79850E+03  0.96115E+03  0.11865E+04  0.12299E+04
      0.84000  0.76017E+03  0.76423E+03  0.10086E+04  0.12158E+04  0.14369E+04
      0.85000  0.58725E+03  0.81635E+03  0.11797E+04  0.13253E+04  0.12979E+04
      0.86000  0.60918E+03  0.92411E+03  0.12087E+04  0.11198E+04  0.15921E+04
      0.87000  0.71703E+03  0.98023E+03  0.11204E+04  0.11788E+04  0.16020E+04
      0.88000  0.74561E+03  0.96457E+03  0.10895E+04  0.15267E+04  0.16595E+04
      0.89000  0.71982E+03  0.11426E+04  0.11383E+04  0.15713E+04  0.17723E+04
      0.90000  0.81903E+03  0.88678E+03  0.13780E+04  0.16147E+04  0.17082E+04
      0.91000  0.82560E+03  0.10188E+04  0.13759E+04  0.15212E+04  0.19966E+04
      0.92000  0.78105E+03  0.12899E+04  0.13565E+04  0.14248E+04  0.18736E+04
      0.93000  0.10461E+04  0.12236E+04  0.15190E+04  0.18755E+04  0.19838E+04
      0.94000  0.79741E+03  0.14021E+04  0.16874E+04  0.18008E+04  0.20901E+04
      0.95000  0.11920E+04  0.11628E+04  0.15170E+04  0.23376E+04  0.23575E+04
      0.96000  0.10934E+04  0.14585E+04  0.19688E+04  0.24246E+04  0.27261E+04
      0.97000  0.12165E+04  0.19532E+04  0.21608E+04  0.27086E+04  0.30979E+04
      0.98000  0.15725E+04  0.21766E+04  0.26364E+04  0.32155E+04  0.32118E+04
      0.99000  0.17285E+04  0.27093E+04  0.34389E+04  0.39475E+04  0.46606E+04
      1.00000  0.46257E+04  0.67338E+04  0.77747E+04  0.90045E+04  0.10430E+05
