     -0.99000  0.19806E+03
     -0.98000  0.20733E+03
     -0.97000  0.18225E+03
     -0.96000  0.17708E+03
     -0.95000  0.18271E+03
     -0.94000  0.16991E+03
     -0.93000  0.17083E+03
     -0.92000  0.17940E+03
     -0.91000  0.19347E+03
     -0.90000  0.26805E+03
     -0.89000  0.19796E+03
     -0.88000  0.22064E+03
     -0.87000  0.24474E+03
     -0.86000  0.23429E+03
     -0.85000  0.20296E+03
     -0.84000  0.22180E+03
     -0.83000  0.22342E+03
     -0.82000  0.23427E+03
     -0.81000  0.23784E+03
     -0.80000  0.22308E+03
     -0.79000  0.24591E+03
     -0.78000  0.26344E+03
     -0.77000  0.25225E+03
     -0.76000  0.26052E+03
     -0.75000  0.25817E+03
     -0.74000  0.23740E+03
     -0.73000  0.24497E+03
     -0.72000  0.25415E+03
     -0.71000  0.28195E+03
     -0.70000  0.30424E+03
     -0.69000  0.21503E+03
     -0.68000  0.25441E+03
     -0.67000  0.29099E+03
     -0.66000  0.30443E+03
     -0.65000  0.26862E+03
     -0.64000  0.29726E+03
     -0.63000  0.27397E+03
     -0.62000  0.26942E+03
     -0.61000  0.27097E+03
     -0.60000  0.26733E+03
     -0.59000  0.32010E+03
     -0.58000  0.32994E+03
     -0.57000  0.28312E+03
     -0.56000  0.30487E+03
     -0.55000  0.32804E+03
     -0.54000  0.30038E+03
     -0.53000  0.31553E+03
     -0.52000  0.29072E+03
     -0.51000  0.30942E+03
     -0.50000  0.32017E+03
     -0.49000  0.31117E+03
     -0.48000  0.30652E+03
     -0.47000  0.30964E+03
     -0.46000  0.28549E+03
     -0.45000  0.33001E+03
     -0.44000  0.30313E+03
     -0.43000  0.38081E+03
     -0.42000  0.34522E+03
     -0.41000  0.34986E+03
     -0.40000  0.37599E+03
     -0.39000  0.37621E+03
     -0.38000  0.34174E+03
     -0.37000  0.36749E+03
     -0.36000  0.35834E+03
     -0.35000  0.40414E+03
     -0.34000  0.37403E+03
     -0.33000  0.36745E+03
     -0.32000  0.36060E+03
     -0.31000  0.39560E+03
     -0.30000  0.35226E+03
     -0.29000  0.37294E+03
     -0.28000  0.40986E+03
     -0.27000  0.39933E+03
     -0.26000  0.38805E+03
     -0.25000  0.45907E+03
     -0.24000  0.49488E+03
     -0.23000  0.44431E+03
     -0.22000  0.42567E+03
     -0.21000  0.51488E+03
     -0.20000  0.43654E+03
     -0.19000  0.46310E+03
     -0.18000  0.49544E+03
     -0.17000  0.45667E+03
     -0.16000  0.45836E+03
     -0.15000  0.48709E+03
     -0.14000  0.44816E+03
     -0.13000  0.46613E+03
     -0.12000  0.48897E+03
     -0.11000  0.57909E+03
     -0.10000  0.45744E+03
     -0.09000  0.52434E+03
     -0.08000  0.49050E+03
     -0.07000  0.48671E+03
     -0.06000  0.53297E+03
     -0.05000  0.59224E+03
     -0.04000  0.51860E+03
     -0.03000  0.56240E+03
     -0.02000  0.60489E+03
     -0.01000  0.61958E+03
      0.00000  0.58467E+03
      0.01000  0.63446E+03
      0.02000  0.62738E+03
      0.03000  0.63637E+03
      0.04000  0.70630E+03
      0.05000  0.66314E+03
      0.06000  0.81888E+03
      0.07000  0.76913E+03
      0.08000  0.62236E+03
      0.09000  0.83141E+03
      0.10000  0.78577E+03
      0.11000  0.75420E+03
      0.12000  0.80650E+03
      0.13000  0.71861E+03
      0.14000  0.76220E+03
      0.15000  0.84020E+03
      0.16000  0.77747E+03
      0.17000  0.86713E+03
      0.18000  0.83558E+03
      0.19000  0.88235E+03
      0.20000  0.84930E+03
      0.21000  0.89854E+03
      0.22000  0.82456E+03
      0.23000  0.83932E+03
      0.24000  0.92247E+03
      0.25000  0.96611E+03
      0.26000  0.92654E+03
      0.27000  0.97014E+03
      0.28000  0.10014E+04
      0.29000  0.10204E+04
      0.30000  0.11239E+04
      0.31000  0.10382E+04
      0.32000  0.11045E+04
      0.33000  0.11216E+04
      0.34000  0.11115E+04
      0.35000  0.11843E+04
      0.36000  0.12015E+04
      0.37000  0.12313E+04
      0.38000  0.12822E+04
      0.39000  0.13527E+04
      0.40000  0.13484E+04
      0.41000  0.13058E+04
      0.42000  0.14226E+04
      0.43000  0.14368E+04
      0.44000  0.14558E+04
      0.45000  0.14655E+04
      0.46000  0.16517E+04
      0.47000  0.15639E+04
      0.48000  0.16357E+04
      0.49000  0.16948E+04
      0.50000  0.18198E+04
      0.51000  0.18414E+04
      0.52000  0.18722E+04
      0.53000  0.20723E+04
      0.54000  0.20344E+04
      0.55000  0.20856E+04
      0.56000  0.22404E+04
      0.57000  0.21717E+04
      0.58000  0.23163E+04
      0.59000  0.23499E+04
      0.60000  0.24808E+04
      0.61000  0.25495E+04
      0.62000  0.26392E+04
      0.63000  0.25448E+04
      0.64000  0.26581E+04
      0.65000  0.28527E+04
      0.66000  0.30732E+04
      0.67000  0.30627E+04
      0.68000  0.30107E+04
      0.69000  0.32222E+04
      0.70000  0.33946E+04
      0.71000  0.34306E+04
      0.72000  0.36539E+04
      0.73000  0.37644E+04
      0.74000  0.39702E+04
      0.75000  0.41981E+04
      0.76000  0.42858E+04
      0.77000  0.44855E+04
      0.78000  0.47492E+04
      0.79000  0.49352E+04
      0.80000  0.53133E+04
      0.81000  0.55377E+04
      0.82000  0.57103E+04
      0.83000  0.60064E+04
      0.84000  0.61015E+04
      0.85000  0.65822E+04
      0.86000  0.71419E+04
      0.87000  0.74949E+04
      0.88000  0.81096E+04
      0.89000  0.87901E+04
      0.90000  0.93707E+04
      0.91000  0.10156E+05
      0.92000  0.10818E+05
      0.93000  0.12192E+05
      0.94000  0.13213E+05
      0.95000  0.14662E+05
      0.96000  0.16908E+05
      0.97000  0.19844E+05
      0.98000  0.22783E+05
      0.99000  0.26463E+05
      1.00000  0.31027E+05
     -0.99000  0.31027E+05  0.29605E+02
     -0.98000  0.31027E+05  0.43552E+02
     -0.97000  0.31027E+05  0.17543E+02
     -0.96000  0.31027E+05  0.51319E+02
     -0.95000  0.31027E+05  0.38866E+02
     -0.94000  0.31027E+05  0.25476E+02
     -0.93000  0.31027E+05  0.21178E+02
     -0.92000  0.31027E+05  0.34391E+02
     -0.91000  0.31027E+05  0.32821E+02
     -0.90000  0.31027E+05  0.31859E+02
     -0.89000  0.31027E+05  0.37979E+02
     -0.88000  0.31027E+05  0.28405E+02
     -0.87000  0.31027E+05  0.33951E+02
     -0.86000  0.31027E+05  0.42119E+02
     -0.85000  0.31027E+05  0.26085E+02
     -0.84000  0.31027E+05  0.28920E+02
     -0.83000  0.31027E+05  0.20935E+02
     -0.82000  0.31027E+05  0.32792E+02
     -0.81000  0.31027E+05  0.34359E+02
     -0.80000  0.31027E+05  0.29797E+02
     -0.79000  0.31027E+05  0.19469E+02
     -0.78000  0.31027E+05  0.23720E+02
     -0.77000  0.31027E+05  0.12616E+02
     -0.76000  0.31027E+05  0.14967E+02
     -0.75000  0.31027E+05  0.20681E+02
     -0.74000  0.31027E+05  0.31349E+02
     -0.73000  0.31027E+05  0.28015E+02
     -0.72000  0.31027E+05  0.38194E+02
     -0.71000  0.31027E+05  0.41091E+02
     -0.70000  0.31027E+05  0.42812E+02
     -0.69000  0.31027E+05  0.34099E+02
     -0.68000  0.31027E+05  0.30857E+02
     -0.67000  0.31027E+05  0.41735E+02
     -0.66000  0.31027E+05  0.25766E+02
     -0.65000  0.31027E+05  0.40933E+02
     -0.64000  0.31027E+05  0.37175E+02
     -0.63000  0.31027E+05  0.48644E+02
     -0.62000  0.31027E+05  0.25522E+02
     -0.61000  0.31027E+05  0.34105E+02
     -0.60000  0.31027E+05  0.38711E+02
     -0.59000  0.31027E+05  0.52493E+02
     -0.58000  0.31027E+05  0.40335E+02
     -0.57000  0.31027E+05  0.36005E+02
     -0.56000  0.31027E+05  0.34873E+02
     -0.55000  0.31027E+05  0.36252E+02
     -0.54000  0.31027E+05  0.24184E+02
     -0.53000  0.31027E+05  0.45083E+02
     -0.52000  0.31027E+05  0.30456E+02
     -0.51000  0.31027E+05  0.37463E+02
     -0.50000  0.31027E+05  0.42920E+02
     -0.49000  0.31027E+05  0.35026E+02
     -0.48000  0.31027E+05  0.32742E+02
     -0.47000  0.31027E+05  0.30752E+02
     -0.46000  0.31027E+05  0.41491E+02
     -0.45000  0.31027E+05  0.39579E+02
     -0.44000  0.31027E+05  0.44141E+02
     -0.43000  0.31027E+05  0.34974E+02
     -0.42000  0.31027E+05  0.43401E+02
     -0.41000  0.31027E+05  0.35848E+02
     -0.40000  0.31027E+05  0.45007E+02
     -0.39000  0.31027E+05  0.36005E+02
     -0.38000  0.31027E+05  0.48395E+02
     -0.37000  0.31027E+05  0.45832E+02
     -0.36000  0.31027E+05  0.56886E+02
     -0.35000  0.31027E+05  0.42085E+02
     -0.34000  0.31027E+05  0.66540E+02
     -0.33000  0.31027E+05  0.55046E+02
     -0.32000  0.31027E+05  0.37145E+02
     -0.31000  0.31027E+05  0.58860E+02
     -0.30000  0.31027E+05  0.57261E+02
     -0.29000  0.31027E+05  0.60413E+02
     -0.28000  0.31027E+05  0.37368E+02
     -0.27000  0.31027E+05  0.40888E+02
     -0.26000  0.31027E+05  0.51381E+02
     -0.25000  0.31027E+05  0.48915E+02
     -0.24000  0.31027E+05  0.32798E+02
     -0.23000  0.31027E+05  0.56705E+02
     -0.22000  0.31027E+05  0.58895E+02
     -0.21000  0.31027E+05  0.48897E+02
     -0.20000  0.31027E+05  0.50682E+02
     -0.19000  0.31027E+05  0.55270E+02
     -0.18000  0.31027E+05  0.53192E+02
     -0.17000  0.31027E+05  0.65735E+02
     -0.16000  0.31027E+05  0.51554E+02
     -0.15000  0.31027E+05  0.63547E+02
     -0.14000  0.31027E+05  0.65043E+02
     -0.13000  0.31027E+05  0.55336E+02
     -0.12000  0.31027E+05  0.58874E+02
     -0.11000  0.31027E+05  0.68692E+02
     -0.10000  0.31027E+05  0.86630E+02
     -0.09000  0.31027E+05  0.82104E+02
     -0.08000  0.31027E+05  0.64763E+02
     -0.07000  0.31027E+05  0.64568E+02
     -0.06000  0.31027E+05  0.63851E+02
     -0.05000  0.31027E+05  0.95245E+02
     -0.04000  0.31027E+05  0.89634E+02
     -0.03000  0.31027E+05  0.79716E+02
     -0.02000  0.31027E+05  0.62567E+02
     -0.01000  0.31027E+05  0.94777E+02
      0.00000  0.31027E+05  0.72517E+02
      0.01000  0.31027E+05  0.71644E+02
      0.02000  0.31027E+05  0.54553E+02
      0.03000  0.31027E+05  0.80350E+02
      0.04000  0.31027E+05  0.71890E+02
      0.05000  0.31027E+05  0.70150E+02
      0.06000  0.31027E+05  0.67270E+02
      0.07000  0.31027E+05  0.73980E+02
      0.08000  0.31027E+05  0.96953E+02
      0.09000  0.31027E+05  0.69427E+02
      0.10000  0.31027E+05  0.87110E+02
      0.11000  0.31027E+05  0.68019E+02
      0.12000  0.31027E+05  0.79320E+02
      0.13000  0.31027E+05  0.80950E+02
      0.14000  0.31027E+05  0.74406E+02
      0.15000  0.31027E+05  0.88619E+02
      0.16000  0.31027E+05  0.96978E+02
      0.17000  0.31027E+05  0.96482E+02
      0.18000  0.31027E+05  0.87217E+02
      0.19000  0.31027E+05  0.10978E+03
      0.20000  0.31027E+05  0.69024E+02
      0.21000  0.31027E+05  0.75860E+02
      0.22000  0.31027E+05  0.83917E+02
      0.23000  0.31027E+05  0.68198E+02
      0.24000  0.31027E+05  0.10878E+03
      0.25000  0.31027E+05  0.91421E+02
      0.26000  0.31027E+05  0.10087E+03
      0.27000  0.31027E+05  0.98471E+02
      0.28000  0.31027E+05  0.93231E+02
      0.29000  0.31027E+05  0.67717E+02
      0.30000  0.31027E+05  0.10430E+03
      0.31000  0.31027E+05  0.11377E+03
      0.32000  0.31027E+05  0.94473E+02
      0.33000  0.31027E+05  0.10490E+03
      0.34000  0.31027E+05  0.10381E+03
      0.35000  0.31027E+05  0.13995E+03
      0.36000  0.31027E+05  0.12729E+03
      0.37000  0.31027E+05  0.14903E+03
      0.38000  0.31027E+05  0.11859E+03
      0.39000  0.31027E+05  0.14952E+03
      0.40000  0.31027E+05  0.15314E+03
      0.41000  0.31027E+05  0.17483E+03
      0.42000  0.31027E+05  0.11849E+03
      0.43000  0.31027E+05  0.16782E+03
      0.44000  0.31027E+05  0.13911E+03
      0.45000  0.31027E+05  0.18815E+03
      0.46000  0.31027E+05  0.15445E+03
      0.47000  0.31027E+05  0.19777E+03
      0.48000  0.31027E+05  0.18879E+03
      0.49000  0.31027E+05  0.18526E+03
      0.50000  0.31027E+05  0.19859E+03
      0.51000  0.31027E+05  0.19543E+03
      0.52000  0.31027E+05  0.20283E+03
      0.53000  0.31027E+05  0.21342E+03
      0.54000  0.31027E+05  0.22890E+03
      0.55000  0.31027E+05  0.20861E+03
      0.56000  0.31027E+05  0.26245E+03
      0.57000  0.31027E+05  0.23438E+03
      0.58000  0.31027E+05  0.26599E+03
      0.59000  0.31027E+05  0.22426E+03
      0.60000  0.31027E+05  0.29421E+03
      0.61000  0.31027E+05  0.25839E+03
      0.62000  0.31027E+05  0.26210E+03
      0.63000  0.31027E+05  0.24802E+03
      0.64000  0.31027E+05  0.28891E+03
      0.65000  0.31027E+05  0.27110E+03
      0.66000  0.31027E+05  0.24951E+03
      0.67000  0.31027E+05  0.25841E+03
      0.68000  0.31027E+05  0.27569E+03
      0.69000  0.31027E+05  0.27230E+03
      0.70000  0.31027E+05  0.31233E+03
      0.71000  0.31027E+05  0.32315E+03
      0.72000  0.31027E+05  0.35990E+03
      0.73000  0.31027E+05  0.42287E+03
      0.74000  0.31027E+05  0.43203E+03
      0.75000  0.31027E+05  0.46128E+03
      0.76000  0.31027E+05  0.37876E+03
      0.77000  0.31027E+05  0.47844E+03
      0.78000  0.31027E+05  0.46814E+03
      0.79000  0.31027E+05  0.47681E+03
      0.80000  0.31027E+05  0.53916E+03
      0.81000  0.31027E+05  0.56041E+03
      0.82000  0.31027E+05  0.58067E+03
      0.83000  0.31027E+05  0.65068E+03
      0.84000  0.31027E+05  0.65090E+03
      0.85000  0.31027E+05  0.76786E+03
      0.86000  0.31027E+05  0.82657E+03
      0.87000  0.31027E+05  0.76145E+03
      0.88000  0.31027E+05  0.91642E+03
      0.89000  0.31027E+05  0.95154E+03
      0.90000  0.31027E+05  0.96707E+03
      0.91000  0.31027E+05  0.10457E+04
      0.92000  0.31027E+05  0.12057E+04
      0.93000  0.31027E+05  0.12201E+04
      0.94000  0.31027E+05  0.12632E+04
      0.95000  0.31027E+05  0.13169E+04
      0.96000  0.31027E+05  0.14857E+04
      0.97000  0.31027E+05  0.19405E+04
      0.98000  0.31027E+05  0.21202E+04
      0.99000  0.31027E+05  0.21865E+04
      1.00000  0.31027E+05  0.29854E+04
     -0.99000  0.31027E+05  0.29854E+04  0.12608E+01
     -0.98000  0.31027E+05  0.29854E+04  0.17489E+02
     -0.97000  0.31027E+05  0.29854E+04  0.13378E+02
     -0.96000  0.31027E+05  0.29854E+04  0.99857E+01
     -0.95000  0.31027E+05  0.29854E+04  0.15798E+02
     -0.94000  0.31027E+05  0.29854E+04  0.49621E+01
     -0.93000  0.31027E+05  0.29854E+04  0.11172E+02
     -0.92000  0.31027E+05  0.29854E+04  0.00000E+00
     -0.91000  0.31027E+05  0.29854E+04  0.14026E+02
     -0.90000  0.31027E+05  0.29854E+04  0.10066E+02
     -0.89000  0.31027E+05  0.29854E+04  0.32911E+01
     -0.88000  0.31027E+05  0.29854E+04  0.76555E+01
     -0.87000  0.31027E+05  0.29854E+04  0.17171E+01
     -0.86000  0.31027E+05  0.29854E+04  0.33332E+00
     -0.85000  0.31027E+05  0.29854E+04  0.31868E-01
     -0.84000  0.31027E+05  0.29854E+04  0.11389E+02
     -0.83000  0.31027E+05  0.29854E+04  0.10012E+02
     -0.82000  0.31027E+05  0.29854E+04  0.11618E+02
     -0.81000  0.31027E+05  0.29854E+04  0.10711E+02
     -0.80000  0.31027E+05  0.29854E+04  0.81570E+01
     -0.79000  0.31027E+05  0.29854E+04  0.10570E+02
     -0.78000  0.31027E+05  0.29854E+04  0.12254E+02
     -0.77000  0.31027E+05  0.29854E+04  0.11726E+02
     -0.76000  0.31027E+05  0.29854E+04  0.13229E+02
     -0.75000  0.31027E+05  0.29854E+04  0.14462E+02
     -0.74000  0.31027E+05  0.29854E+04  0.25780E+02
     -0.73000  0.31027E+05  0.29854E+04  0.22995E+02
     -0.72000  0.31027E+05  0.29854E+04  0.12378E+02
     -0.71000  0.31027E+05  0.29854E+04  0.13242E+02
     -0.70000  0.31027E+05  0.29854E+04  0.96238E+01
     -0.69000  0.31027E+05  0.29854E+04  0.51078E+01
     -0.68000  0.31027E+05  0.29854E+04  0.13651E+02
     -0.67000  0.31027E+05  0.29854E+04  0.65879E+01
     -0.66000  0.31027E+05  0.29854E+04  0.13191E+02
     -0.65000  0.31027E+05  0.29854E+04  0.79308E+01
     -0.64000  0.31027E+05  0.29854E+04  0.20787E+02
     -0.63000  0.31027E+05  0.29854E+04  0.16315E+02
     -0.62000  0.31027E+05  0.29854E+04  0.61063E+01
     -0.61000  0.31027E+05  0.29854E+04  0.65683E+01
     -0.60000  0.31027E+05  0.29854E+04  0.10866E+02
     -0.59000  0.31027E+05  0.29854E+04  0.93557E+01
     -0.58000  0.31027E+05  0.29854E+04  0.83623E+01
     -0.57000  0.31027E+05  0.29854E+04  0.12696E+02
     -0.56000  0.31027E+05  0.29854E+04  0.74372E+01
     -0.55000  0.31027E+05  0.29854E+04  0.10339E+02
     -0.54000  0.31027E+05  0.29854E+04  0.15609E+02
     -0.53000  0.31027E+05  0.29854E+04  0.28337E+02
     -0.52000  0.31027E+05  0.29854E+04  0.11594E+02
     -0.51000  0.31027E+05  0.29854E+04  0.53921E+01
     -0.50000  0.31027E+05  0.29854E+04  0.14688E+02
     -0.49000  0.31027E+05  0.29854E+04  0.20190E+02
     -0.48000  0.31027E+05  0.29854E+04  0.51286E+01
     -0.47000  0.31027E+05  0.29854E+04  0.11492E+02
     -0.46000  0.31027E+05  0.29854E+04  0.85673E+01
     -0.45000  0.31027E+05  0.29854E+04  0.85559E+01
     -0.44000  0.31027E+05  0.29854E+04  0.10887E+02
     -0.43000  0.31027E+05  0.29854E+04  0.66343E+01
     -0.42000  0.31027E+05  0.29854E+04  0.11590E+02
     -0.41000  0.31027E+05  0.29854E+04  0.14684E+02
     -0.40000  0.31027E+05  0.29854E+04  0.96144E+01
     -0.39000  0.31027E+05  0.29854E+04  0.82765E+01
     -0.38000  0.31027E+05  0.29854E+04  0.16111E+02
     -0.37000  0.31027E+05  0.29854E+04  0.12037E+02
     -0.36000  0.31027E+05  0.29854E+04  0.91145E+01
     -0.35000  0.31027E+05  0.29854E+04  0.75660E+01
     -0.34000  0.31027E+05  0.29854E+04  0.15644E+02
     -0.33000  0.31027E+05  0.29854E+04  0.16468E+02
     -0.32000  0.31027E+05  0.29854E+04  0.17224E+02
     -0.31000  0.31027E+05  0.29854E+04  0.18847E+02
     -0.30000  0.31027E+05  0.29854E+04  0.18129E+02
     -0.29000  0.31027E+05  0.29854E+04  0.26149E+02
     -0.28000  0.31027E+05  0.29854E+04  0.26252E+02
     -0.27000  0.31027E+05  0.29854E+04  0.19875E+02
     -0.26000  0.31027E+05  0.29854E+04  0.16872E+02
     -0.25000  0.31027E+05  0.29854E+04  0.24666E+02
     -0.24000  0.31027E+05  0.29854E+04  0.13579E+02
     -0.23000  0.31027E+05  0.29854E+04  0.23747E+02
     -0.22000  0.31027E+05  0.29854E+04  0.19064E+02
     -0.21000  0.31027E+05  0.29854E+04  0.20655E+02
     -0.20000  0.31027E+05  0.29854E+04  0.29626E+02
     -0.19000  0.31027E+05  0.29854E+04  0.31118E+02
     -0.18000  0.31027E+05  0.29854E+04  0.24047E+02
     -0.17000  0.31027E+05  0.29854E+04  0.21707E+02
     -0.16000  0.31027E+05  0.29854E+04  0.28924E+02
     -0.15000  0.31027E+05  0.29854E+04  0.18785E+02
     -0.14000  0.31027E+05  0.29854E+04  0.20518E+02
     -0.13000  0.31027E+05  0.29854E+04  0.21685E+02
     -0.12000  0.31027E+05  0.29854E+04  0.18353E+02
     -0.11000  0.31027E+05  0.29854E+04  0.25779E+02
     -0.10000  0.31027E+05  0.29854E+04  0.49888E+02
     -0.09000  0.31027E+05  0.29854E+04  0.17093E+02
     -0.08000  0.31027E+05  0.29854E+04  0.23006E+02
     -0.07000  0.31027E+05  0.29854E+04  0.28450E+02
     -0.06000  0.31027E+05  0.29854E+04  0.22463E+02
     -0.05000  0.31027E+05  0.29854E+04  0.27085E+02
     -0.04000  0.31027E+05  0.29854E+04  0.17058E+02
     -0.03000  0.31027E+05  0.29854E+04  0.20816E+02
     -0.02000  0.31027E+05  0.29854E+04  0.29819E+02
     -0.01000  0.31027E+05  0.29854E+04  0.17907E+02
      0.00000  0.31027E+05  0.29854E+04  0.27784E+02
      0.01000  0.31027E+05  0.29854E+04  0.30175E+02
      0.02000  0.31027E+05  0.29854E+04  0.17661E+02
      0.03000  0.31027E+05  0.29854E+04  0.19693E+02
      0.04000  0.31027E+05  0.29854E+04  0.20244E+02
      0.05000  0.31027E+05  0.29854E+04  0.18600E+02
      0.06000  0.31027E+05  0.29854E+04  0.16190E+02
      0.07000  0.31027E+05  0.29854E+04  0.16763E+02
      0.08000  0.31027E+05  0.29854E+04  0.30442E+02
      0.09000  0.31027E+05  0.29854E+04  0.26216E+02
      0.10000  0.31027E+05  0.29854E+04  0.26791E+02
      0.11000  0.31027E+05  0.29854E+04  0.32652E+02
      0.12000  0.31027E+05  0.29854E+04  0.18586E+02
      0.13000  0.31027E+05  0.29854E+04  0.25918E+02
      0.14000  0.31027E+05  0.29854E+04  0.17836E+02
      0.15000  0.31027E+05  0.29854E+04  0.26289E+02
      0.16000  0.31027E+05  0.29854E+04  0.17952E+02
      0.17000  0.31027E+05  0.29854E+04  0.23753E+02
      0.18000  0.31027E+05  0.29854E+04  0.32439E+02
      0.19000  0.31027E+05  0.29854E+04  0.38074E+02
      0.20000  0.31027E+05  0.29854E+04  0.43880E+02
      0.21000  0.31027E+05  0.29854E+04  0.33294E+02
      0.22000  0.31027E+05  0.29854E+04  0.50912E+02
      0.23000  0.31027E+05  0.29854E+04  0.32899E+02
      0.24000  0.31027E+05  0.29854E+04  0.36165E+02
      0.25000  0.31027E+05  0.29854E+04  0.35688E+02
      0.26000  0.31027E+05  0.29854E+04  0.30781E+02
      0.27000  0.31027E+05  0.29854E+04  0.28029E+02
      0.28000  0.31027E+05  0.29854E+04  0.37594E+02
      0.29000  0.31027E+05  0.29854E+04  0.34295E+02
      0.30000  0.31027E+05  0.29854E+04  0.33710E+02
      0.31000  0.31027E+05  0.29854E+04  0.27914E+02
      0.32000  0.31027E+05  0.29854E+04  0.47754E+02
      0.33000  0.31027E+05  0.29854E+04  0.32340E+02
      0.34000  0.31027E+05  0.29854E+04  0.42624E+02
      0.35000  0.31027E+05  0.29854E+04  0.48129E+02
      0.36000  0.31027E+05  0.29854E+04  0.44065E+02
      0.37000  0.31027E+05  0.29854E+04  0.36281E+02
      0.38000  0.31027E+05  0.29854E+04  0.56713E+02
      0.39000  0.31027E+05  0.29854E+04  0.45015E+02
      0.40000  0.31027E+05  0.29854E+04  0.56812E+02
      0.41000  0.31027E+05  0.29854E+04  0.51974E+02
      0.42000  0.31027E+05  0.29854E+04  0.44661E+02
      0.43000  0.31027E+05  0.29854E+04  0.63239E+02
      0.44000  0.31027E+05  0.29854E+04  0.53709E+02
      0.45000  0.31027E+05  0.29854E+04  0.50121E+02
      0.46000  0.31027E+05  0.29854E+04  0.42400E+02
      0.47000  0.31027E+05  0.29854E+04  0.47930E+02
      0.48000  0.31027E+05  0.29854E+04  0.44497E+02
      0.49000  0.31027E+05  0.29854E+04  0.30269E+02
      0.50000  0.31027E+05  0.29854E+04  0.52531E+02
      0.51000  0.31027E+05  0.29854E+04  0.55345E+02
      0.52000  0.31027E+05  0.29854E+04  0.42420E+02
      0.53000  0.31027E+05  0.29854E+04  0.58405E+02
      0.54000  0.31027E+05  0.29854E+04  0.51307E+02
      0.55000  0.31027E+05  0.29854E+04  0.60878E+02
      0.56000  0.31027E+05  0.29854E+04  0.72211E+02
      0.57000  0.31027E+05  0.29854E+04  0.78390E+02
      0.58000  0.31027E+05  0.29854E+04  0.61199E+02
      0.59000  0.31027E+05  0.29854E+04  0.62974E+02
      0.60000  0.31027E+05  0.29854E+04  0.87339E+02
      0.61000  0.31027E+05  0.29854E+04  0.70892E+02
      0.62000  0.31027E+05  0.29854E+04  0.82668E+02
      0.63000  0.31027E+05  0.29854E+04  0.62113E+02
      0.64000  0.31027E+05  0.29854E+04  0.70573E+02
      0.65000  0.31027E+05  0.29854E+04  0.83532E+02
      0.66000  0.31027E+05  0.29854E+04  0.88572E+02
      0.67000  0.31027E+05  0.29854E+04  0.87456E+02
      0.68000  0.31027E+05  0.29854E+04  0.10778E+03
      0.69000  0.31027E+05  0.29854E+04  0.90981E+02
      0.70000  0.31027E+05  0.29854E+04  0.99141E+02
      0.71000  0.31027E+05  0.29854E+04  0.99371E+02
      0.72000  0.31027E+05  0.29854E+04  0.11145E+03
      0.73000  0.31027E+05  0.29854E+04  0.91138E+02
      0.74000  0.31027E+05  0.29854E+04  0.10453E+03
      0.75000  0.31027E+05  0.29854E+04  0.11932E+03
      0.76000  0.31027E+05  0.29854E+04  0.12553E+03
      0.77000  0.31027E+05  0.29854E+04  0.13228E+03
      0.78000  0.31027E+05  0.29854E+04  0.13339E+03
      0.79000  0.31027E+05  0.29854E+04  0.11758E+03
      0.80000  0.31027E+05  0.29854E+04  0.10868E+03
      0.81000  0.31027E+05  0.29854E+04  0.13214E+03
      0.82000  0.31027E+05  0.29854E+04  0.14526E+03
      0.83000  0.31027E+05  0.29854E+04  0.18190E+03
      0.84000  0.31027E+05  0.29854E+04  0.14925E+03
      0.85000  0.31027E+05  0.29854E+04  0.12316E+03
      0.86000  0.31027E+05  0.29854E+04  0.15175E+03
      0.87000  0.31027E+05  0.29854E+04  0.17955E+03
      0.88000  0.31027E+05  0.29854E+04  0.19691E+03
      0.89000  0.31027E+05  0.29854E+04  0.19447E+03
      0.90000  0.31027E+05  0.29854E+04  0.15773E+03
      0.91000  0.31027E+05  0.29854E+04  0.20514E+03
      0.92000  0.31027E+05  0.29854E+04  0.23557E+03
      0.93000  0.31027E+05  0.29854E+04  0.25668E+03
      0.94000  0.31027E+05  0.29854E+04  0.26823E+03
      0.95000  0.31027E+05  0.29854E+04  0.30958E+03
      0.96000  0.31027E+05  0.29854E+04  0.30344E+03
      0.97000  0.31027E+05  0.29854E+04  0.39607E+03
      0.98000  0.31027E+05  0.29854E+04  0.57388E+03
      0.99000  0.31027E+05  0.29854E+04  0.51709E+03
      1.00000  0.31027E+05  0.29854E+04  0.71359E+03
     -0.99000  0.31027E+05  0.29854E+04  0.71359E+03  0.42485E+01
     -0.98000  0.31027E+05  0.29854E+04  0.71359E+03  0.00000E+00
     -0.97000  0.31027E+05  0.29854E+04  0.71359E+03  0.42329E+00
     -0.96000  0.31027E+05  0.29854E+04  0.71359E+03  0.19116E+02
     -0.95000  0.31027E+05  0.29854E+04  0.71359E+03  0.37880E+01
     -0.94000  0.31027E+05  0.29854E+04  0.71359E+03  0.36282E+01
     -0.93000  0.31027E+05  0.29854E+04  0.71359E+03  0.18922E+01
     -0.92000  0.31027E+05  0.29854E+04  0.71359E+03  0.00000E+00
     -0.91000  0.31027E+05  0.29854E+04  0.71359E+03  0.45839E+01
     -0.90000  0.31027E+05  0.29854E+04  0.71359E+03  0.00000E+00
     -0.89000  0.31027E+05  0.29854E+04  0.71359E+03  0.00000E+00
     -0.88000  0.31027E+05  0.29854E+04  0.71359E+03  0.13780E+01
     -0.87000  0.31027E+05  0.29854E+04  0.71359E+03  0.57237E+01
     -0.86000  0.31027E+05  0.29854E+04  0.71359E+03  0.56981E+01
     -0.85000  0.31027E+05  0.29854E+04  0.71359E+03  0.10348E+02
     -0.84000  0.31027E+05  0.29854E+04  0.71359E+03  0.21794E+01
     -0.83000  0.31027E+05  0.29854E+04  0.71359E+03  0.11770E+01
     -0.82000  0.31027E+05  0.29854E+04  0.71359E+03  0.46434E+01
     -0.81000  0.31027E+05  0.29854E+04  0.71359E+03  0.36393E+01
     -0.80000  0.31027E+05  0.29854E+04  0.71359E+03  0.80140E+01
     -0.79000  0.31027E+05  0.29854E+04  0.71359E+03  0.82423E+01
     -0.78000  0.31027E+05  0.29854E+04  0.71359E+03  0.52794E+01
     -0.77000  0.31027E+05  0.29854E+04  0.71359E+03  0.68860E+01
     -0.76000  0.31027E+05  0.29854E+04  0.71359E+03  0.11212E+02
     -0.75000  0.31027E+05  0.29854E+04  0.71359E+03  0.84237E+01
     -0.74000  0.31027E+05  0.29854E+04  0.71359E+03  0.37966E+01
     -0.73000  0.31027E+05  0.29854E+04  0.71359E+03  0.36754E+01
     -0.72000  0.31027E+05  0.29854E+04  0.71359E+03  0.10510E+02
     -0.71000  0.31027E+05  0.29854E+04  0.71359E+03  0.55042E+01
     -0.70000  0.31027E+05  0.29854E+04  0.71359E+03  0.91140E+01
     -0.69000  0.31027E+05  0.29854E+04  0.71359E+03  0.16716E+02
     -0.68000  0.31027E+05  0.29854E+04  0.71359E+03  0.83199E+01
     -0.67000  0.31027E+05  0.29854E+04  0.71359E+03  0.10050E+02
     -0.66000  0.31027E+05  0.29854E+04  0.71359E+03  0.26107E+01
     -0.65000  0.31027E+05  0.29854E+04  0.71359E+03  0.32583E+01
     -0.64000  0.31027E+05  0.29854E+04  0.71359E+03  0.15034E+01
     -0.63000  0.31027E+05  0.29854E+04  0.71359E+03  0.54900E+01
     -0.62000  0.31027E+05  0.29854E+04  0.71359E+03  0.28298E+01
     -0.61000  0.31027E+05  0.29854E+04  0.71359E+03  0.10379E+01
     -0.60000  0.31027E+05  0.29854E+04  0.71359E+03  0.31533E+01
     -0.59000  0.31027E+05  0.29854E+04  0.71359E+03  0.77043E+01
     -0.58000  0.31027E+05  0.29854E+04  0.71359E+03  0.53182E+01
     -0.57000  0.31027E+05  0.29854E+04  0.71359E+03  0.18989E+01
     -0.56000  0.31027E+05  0.29854E+04  0.71359E+03  0.72264E+01
     -0.55000  0.31027E+05  0.29854E+04  0.71359E+03  0.67400E+01
     -0.54000  0.31027E+05  0.29854E+04  0.71359E+03  0.12585E+02
     -0.53000  0.31027E+05  0.29854E+04  0.71359E+03  0.23948E+02
     -0.52000  0.31027E+05  0.29854E+04  0.71359E+03  0.10197E+02
     -0.51000  0.31027E+05  0.29854E+04  0.71359E+03  0.12187E+02
     -0.50000  0.31027E+05  0.29854E+04  0.71359E+03  0.89195E+01
     -0.49000  0.31027E+05  0.29854E+04  0.71359E+03  0.42967E+01
     -0.48000  0.31027E+05  0.29854E+04  0.71359E+03  0.82689E+01
     -0.47000  0.31027E+05  0.29854E+04  0.71359E+03  0.15154E+02
     -0.46000  0.31027E+05  0.29854E+04  0.71359E+03  0.55408E+01
     -0.45000  0.31027E+05  0.29854E+04  0.71359E+03  0.89504E+01
     -0.44000  0.31027E+05  0.29854E+04  0.71359E+03  0.21700E+02
     -0.43000  0.31027E+05  0.29854E+04  0.71359E+03  0.66686E+01
     -0.42000  0.31027E+05  0.29854E+04  0.71359E+03  0.86637E+01
     -0.41000  0.31027E+05  0.29854E+04  0.71359E+03  0.54996E+01
     -0.40000  0.31027E+05  0.29854E+04  0.71359E+03  0.12632E+02
     -0.39000  0.31027E+05  0.29854E+04  0.71359E+03  0.11124E+02
     -0.38000  0.31027E+05  0.29854E+04  0.71359E+03  0.13679E+02
     -0.37000  0.31027E+05  0.29854E+04  0.71359E+03  0.78245E+01
     -0.36000  0.31027E+05  0.29854E+04  0.71359E+03  0.21586E+02
     -0.35000  0.31027E+05  0.29854E+04  0.71359E+03  0.66937E+01
     -0.34000  0.31027E+05  0.29854E+04  0.71359E+03  0.14523E+02
     -0.33000  0.31027E+05  0.29854E+04  0.71359E+03  0.17645E+02
     -0.32000  0.31027E+05  0.29854E+04  0.71359E+03  0.12402E+02
     -0.31000  0.31027E+05  0.29854E+04  0.71359E+03  0.14119E+02
     -0.30000  0.31027E+05  0.29854E+04  0.71359E+03  0.73319E+01
     -0.29000  0.31027E+05  0.29854E+04  0.71359E+03  0.15804E+02
     -0.28000  0.31027E+05  0.29854E+04  0.71359E+03  0.60182E+01
     -0.27000  0.31027E+05  0.29854E+04  0.71359E+03  0.12533E+02
     -0.26000  0.31027E+05  0.29854E+04  0.71359E+03  0.48009E+01
     -0.25000  0.31027E+05  0.29854E+04  0.71359E+03  0.28397E+02
     -0.24000  0.31027E+05  0.29854E+04  0.71359E+03  0.13466E+02
     -0.23000  0.31027E+05  0.29854E+04  0.71359E+03  0.24575E+02
     -0.22000  0.31027E+05  0.29854E+04  0.71359E+03  0.10669E+02
     -0.21000  0.31027E+05  0.29854E+04  0.71359E+03  0.16552E+02
     -0.20000  0.31027E+05  0.29854E+04  0.71359E+03  0.43420E+01
     -0.19000  0.31027E+05  0.29854E+04  0.71359E+03  0.13319E+02
     -0.18000  0.31027E+05  0.29854E+04  0.71359E+03  0.14201E+02
     -0.17000  0.31027E+05  0.29854E+04  0.71359E+03  0.83390E+01
     -0.16000  0.31027E+05  0.29854E+04  0.71359E+03  0.97342E+01
     -0.15000  0.31027E+05  0.29854E+04  0.71359E+03  0.10059E+02
     -0.14000  0.31027E+05  0.29854E+04  0.71359E+03  0.11842E+02
     -0.13000  0.31027E+05  0.29854E+04  0.71359E+03  0.10756E+02
     -0.12000  0.31027E+05  0.29854E+04  0.71359E+03  0.89936E+01
     -0.11000  0.31027E+05  0.29854E+04  0.71359E+03  0.12271E+02
     -0.10000  0.31027E+05  0.29854E+04  0.71359E+03  0.13430E+02
     -0.09000  0.31027E+05  0.29854E+04  0.71359E+03  0.10057E+02
     -0.08000  0.31027E+05  0.29854E+04  0.71359E+03  0.90052E+01
     -0.07000  0.31027E+05  0.29854E+04  0.71359E+03  0.58287E+01
     -0.06000  0.31027E+05  0.29854E+04  0.71359E+03  0.84903E+01
     -0.05000  0.31027E+05  0.29854E+04  0.71359E+03  0.82427E+01
     -0.04000  0.31027E+05  0.29854E+04  0.71359E+03  0.10504E+02
     -0.03000  0.31027E+05  0.29854E+04  0.71359E+03  0.66509E+01
     -0.02000  0.31027E+05  0.29854E+04  0.71359E+03  0.91338E+01
     -0.01000  0.31027E+05  0.29854E+04  0.71359E+03  0.98561E+01
      0.00000  0.31027E+05  0.29854E+04  0.71359E+03  0.13072E+02
      0.01000  0.31027E+05  0.29854E+04  0.71359E+03  0.18624E+02
      0.02000  0.31027E+05  0.29854E+04  0.71359E+03  0.17397E+02
      0.03000  0.31027E+05  0.29854E+04  0.71359E+03  0.11502E+02
      0.04000  0.31027E+05  0.29854E+04  0.71359E+03  0.16055E+02
      0.05000  0.31027E+05  0.29854E+04  0.71359E+03  0.13712E+02
      0.06000  0.31027E+05  0.29854E+04  0.71359E+03  0.10996E+02
      0.07000  0.31027E+05  0.29854E+04  0.71359E+03  0.16976E+02
      0.08000  0.31027E+05  0.29854E+04  0.71359E+03  0.14017E+02
      0.09000  0.31027E+05  0.29854E+04  0.71359E+03  0.35458E+01
      0.10000  0.31027E+05  0.29854E+04  0.71359E+03  0.13262E+02
      0.11000  0.31027E+05  0.29854E+04  0.71359E+03  0.17448E+02
      0.12000  0.31027E+05  0.29854E+04  0.71359E+03  0.10935E+02
      0.13000  0.31027E+05  0.29854E+04  0.71359E+03  0.25941E+02
      0.14000  0.31027E+05  0.29854E+04  0.71359E+03  0.22898E+02
      0.15000  0.31027E+05  0.29854E+04  0.71359E+03  0.13374E+02
      0.16000  0.31027E+05  0.29854E+04  0.71359E+03  0.17176E+02
      0.17000  0.31027E+05  0.29854E+04  0.71359E+03  0.13295E+02
      0.18000  0.31027E+05  0.29854E+04  0.71359E+03  0.21116E+02
      0.19000  0.31027E+05  0.29854E+04  0.71359E+03  0.19766E+02
      0.20000  0.31027E+05  0.29854E+04  0.71359E+03  0.13130E+02
      0.21000  0.31027E+05  0.29854E+04  0.71359E+03  0.28511E+02
      0.22000  0.31027E+05  0.29854E+04  0.71359E+03  0.20539E+02
      0.23000  0.31027E+05  0.29854E+04  0.71359E+03  0.29892E+02
      0.24000  0.31027E+05  0.29854E+04  0.71359E+03  0.68234E+01
      0.25000  0.31027E+05  0.29854E+04  0.71359E+03  0.18097E+02
      0.26000  0.31027E+05  0.29854E+04  0.71359E+03  0.11929E+02
      0.27000  0.31027E+05  0.29854E+04  0.71359E+03  0.11121E+02
      0.28000  0.31027E+05  0.29854E+04  0.71359E+03  0.28631E+02
      0.29000  0.31027E+05  0.29854E+04  0.71359E+03  0.13911E+02
      0.30000  0.31027E+05  0.29854E+04  0.71359E+03  0.25317E+02
      0.31000  0.31027E+05  0.29854E+04  0.71359E+03  0.16970E+02
      0.32000  0.31027E+05  0.29854E+04  0.71359E+03  0.16848E+02
      0.33000  0.31027E+05  0.29854E+04  0.71359E+03  0.22768E+02
      0.34000  0.31027E+05  0.29854E+04  0.71359E+03  0.15656E+02
      0.35000  0.31027E+05  0.29854E+04  0.71359E+03  0.17112E+02
      0.36000  0.31027E+05  0.29854E+04  0.71359E+03  0.75863E+01
      0.37000  0.31027E+05  0.29854E+04  0.71359E+03  0.20145E+02
      0.38000  0.31027E+05  0.29854E+04  0.71359E+03  0.16399E+02
      0.39000  0.31027E+05  0.29854E+04  0.71359E+03  0.17131E+02
      0.40000  0.31027E+05  0.29854E+04  0.71359E+03  0.19039E+02
      0.41000  0.31027E+05  0.29854E+04  0.71359E+03  0.15198E+02
      0.42000  0.31027E+05  0.29854E+04  0.71359E+03  0.20824E+02
      0.43000  0.31027E+05  0.29854E+04  0.71359E+03  0.13602E+02
      0.44000  0.31027E+05  0.29854E+04  0.71359E+03  0.22922E+02
      0.45000  0.31027E+05  0.29854E+04  0.71359E+03  0.96522E+01
      0.46000  0.31027E+05  0.29854E+04  0.71359E+03  0.28843E+02
      0.47000  0.31027E+05  0.29854E+04  0.71359E+03  0.24960E+02
      0.48000  0.31027E+05  0.29854E+04  0.71359E+03  0.17079E+02
      0.49000  0.31027E+05  0.29854E+04  0.71359E+03  0.19039E+02
      0.50000  0.31027E+05  0.29854E+04  0.71359E+03  0.12558E+02
      0.51000  0.31027E+05  0.29854E+04  0.71359E+03  0.24764E+02
      0.52000  0.31027E+05  0.29854E+04  0.71359E+03  0.23501E+02
      0.53000  0.31027E+05  0.29854E+04  0.71359E+03  0.12963E+02
      0.54000  0.31027E+05  0.29854E+04  0.71359E+03  0.13878E+02
      0.55000  0.31027E+05  0.29854E+04  0.71359E+03  0.33039E+02
      0.56000  0.31027E+05  0.29854E+04  0.71359E+03  0.19350E+02
      0.57000  0.31027E+05  0.29854E+04  0.71359E+03  0.12824E+02
      0.58000  0.31027E+05  0.29854E+04  0.71359E+03  0.26654E+02
      0.59000  0.31027E+05  0.29854E+04  0.71359E+03  0.32108E+02
      0.60000  0.31027E+05  0.29854E+04  0.71359E+03  0.25074E+02
      0.61000  0.31027E+05  0.29854E+04  0.71359E+03  0.32780E+02
      0.62000  0.31027E+05  0.29854E+04  0.71359E+03  0.27585E+02
      0.63000  0.31027E+05  0.29854E+04  0.71359E+03  0.39285E+02
      0.64000  0.31027E+05  0.29854E+04  0.71359E+03  0.41341E+02
      0.65000  0.31027E+05  0.29854E+04  0.71359E+03  0.29222E+02
      0.66000  0.31027E+05  0.29854E+04  0.71359E+03  0.40902E+02
      0.67000  0.31027E+05  0.29854E+04  0.71359E+03  0.14369E+02
      0.68000  0.31027E+05  0.29854E+04  0.71359E+03  0.34062E+02
      0.69000  0.31027E+05  0.29854E+04  0.71359E+03  0.28410E+02
      0.70000  0.31027E+05  0.29854E+04  0.71359E+03  0.35125E+02
      0.71000  0.31027E+05  0.29854E+04  0.71359E+03  0.31181E+02
      0.72000  0.31027E+05  0.29854E+04  0.71359E+03  0.51188E+02
      0.73000  0.31027E+05  0.29854E+04  0.71359E+03  0.44556E+02
      0.74000  0.31027E+05  0.29854E+04  0.71359E+03  0.45664E+02
      0.75000  0.31027E+05  0.29854E+04  0.71359E+03  0.26620E+02
      0.76000  0.31027E+05  0.29854E+04  0.71359E+03  0.56665E+02
      0.77000  0.31027E+05  0.29854E+04  0.71359E+03  0.58075E+02
      0.78000  0.31027E+05  0.29854E+04  0.71359E+03  0.44114E+02
      0.79000  0.31027E+05  0.29854E+04  0.71359E+03  0.72148E+02
      0.80000  0.31027E+05  0.29854E+04  0.71359E+03  0.73028E+02
      0.81000  0.31027E+05  0.29854E+04  0.71359E+03  0.72521E+02
      0.82000  0.31027E+05  0.29854E+04  0.71359E+03  0.48720E+02
      0.83000  0.31027E+05  0.29854E+04  0.71359E+03  0.35746E+02
      0.84000  0.31027E+05  0.29854E+04  0.71359E+03  0.47606E+02
      0.85000  0.31027E+05  0.29854E+04  0.71359E+03  0.66964E+02
      0.86000  0.31027E+05  0.29854E+04  0.71359E+03  0.60671E+02
      0.87000  0.31027E+05  0.29854E+04  0.71359E+03  0.68697E+02
      0.88000  0.31027E+05  0.29854E+04  0.71359E+03  0.51693E+02
      0.89000  0.31027E+05  0.29854E+04  0.71359E+03  0.70383E+02
      0.90000  0.31027E+05  0.29854E+04  0.71359E+03  0.63631E+02
      0.91000  0.31027E+05  0.29854E+04  0.71359E+03  0.60914E+02
      0.92000  0.31027E+05  0.29854E+04  0.71359E+03  0.10258E+03
      0.93000  0.31027E+05  0.29854E+04  0.71359E+03  0.92127E+02
      0.94000  0.31027E+05  0.29854E+04  0.71359E+03  0.88431E+02
      0.95000  0.31027E+05  0.29854E+04  0.71359E+03  0.86690E+02
      0.96000  0.31027E+05  0.29854E+04  0.71359E+03  0.13914E+03
      0.97000  0.31027E+05  0.29854E+04  0.71359E+03  0.14832E+03
      0.98000  0.31027E+05  0.29854E+04  0.71359E+03  0.20930E+03
      0.99000  0.31027E+05  0.29854E+04  0.71359E+03  0.19609E+03
      1.00000  0.31027E+05  0.29854E+04  0.71359E+03  0.24438E+03
     -0.99000  0.31027E+05  0.29854E+04  0.71359E+03  0.24438E+03  0.00000E+00
     -0.98000  0.31027E+05  0.29854E+04  0.71359E+03  0.24438E+03  0.55803E+01
     -0.97000  0.31027E+05  0.29854E+04  0.71359E+03  0.24438E+03  0.21182E+00
     -0.96000  0.31027E+05  0.29854E+04  0.71359E+03  0.24438E+03  0.13733E+02
     -0.95000  0.31027E+05  0.29854E+04  0.71359E+03  0.24438E+03  0.36994E+01
     -0.94000  0.31027E+05  0.29854E+04  0.71359E+03  0.24438E+03  0.29115E+01
     -0.93000  0.31027E+05  0.29854E+04  0.71359E+03  0.24438E+03  0.11034E+01
     -0.92000  0.31027E+05  0.29854E+04  0.71359E+03  0.24438E+03  0.19415E+01
     -0.91000  0.31027E+05  0.29854E+04  0.71359E+03  0.24438E+03  0.00000E+00
     -0.90000  0.31027E+05  0.29854E+04  0.71359E+03  0.24438E+03  0.15584E+01
     -0.89000  0.31027E+05  0.29854E+04  0.71359E+03  0.24438E+03  0.60653E+01
     -0.88000  0.31027E+05  0.29854E+04  0.71359E+03  0.24438E+03  0.60242E+01
     -0.87000  0.31027E+05  0.29854E+04  0.71359E+03  0.24438E+03  0.43392E+01
     -0.86000  0.31027E+05  0.29854E+04  0.71359E+03  0.24438E+03  0.56318E+01
     -0.85000  0.31027E+05  0.29854E+04  0.71359E+03  0.24438E+03  0.00000E+00
     -0.84000  0.31027E+05  0.29854E+04  0.71359E+03  0.24438E+03  0.55209E+01
     -0.83000  0.31027E+05  0.29854E+04  0.71359E+03  0.24438E+03  0.44353E+01
     -0.82000  0.31027E+05  0.29854E+04  0.71359E+03  0.24438E+03  0.28485E+01
     -0.81000  0.31027E+05  0.29854E+04  0.71359E+03  0.24438E+03  0.94393E+00
     -0.80000  0.31027E+05  0.29854E+04  0.71359E+03  0.24438E+03  0.71104E+01
     -0.79000  0.31027E+05  0.29854E+04  0.71359E+03  0.24438E+03  0.51244E+01
     -0.78000  0.31027E+05  0.29854E+04  0.71359E+03  0.24438E+03  0.23881E+01
     -0.77000  0.31027E+05  0.29854E+04  0.71359E+03  0.24438E+03  0.88372E+01
     -0.76000  0.31027E+05  0.29854E+04  0.71359E+03  0.24438E+03  0.48728E+01
     -0.75000  0.31027E+05  0.29854E+04  0.71359E+03  0.24438E+03  0.10875E+02
     -0.74000  0.31027E+05  0.29854E+04  0.71359E+03  0.24438E+03  0.72921E+01
     -0.73000  0.31027E+05  0.29854E+04  0.71359E+03  0.24438E+03  0.58213E+01
     -0.72000  0.31027E+05  0.29854E+04  0.71359E+03  0.24438E+03  0.18822E+01
     -0.71000  0.31027E+05  0.29854E+04  0.71359E+03  0.24438E+03  0.32449E+01
     -0.70000  0.31027E+05  0.29854E+04  0.71359E+03  0.24438E+03  0.18438E+01
     -0.69000  0.31027E+05  0.29854E+04  0.71359E+03  0.24438E+03  0.00000E+00
     -0.68000  0.31027E+05  0.29854E+04  0.71359E+03  0.24438E+03  0.43364E+01
     -0.67000  0.31027E+05  0.29854E+04  0.71359E+03  0.24438E+03  0.27289E+01
     -0.66000  0.31027E+05  0.29854E+04  0.71359E+03  0.24438E+03  0.30648E+01
     -0.65000  0.31027E+05  0.29854E+04  0.71359E+03  0.24438E+03  0.46809E+01
     -0.64000  0.31027E+05  0.29854E+04  0.71359E+03  0.24438E+03  0.12149E+01
     -0.63000  0.31027E+05  0.29854E+04  0.71359E+03  0.24438E+03  0.33793E+01
     -0.62000  0.31027E+05  0.29854E+04  0.71359E+03  0.24438E+03  0.56036E+01
     -0.61000  0.31027E+05  0.29854E+04  0.71359E+03  0.24438E+03  0.73387E+01
     -0.60000  0.31027E+05  0.29854E+04  0.71359E+03  0.24438E+03  0.75173E+01
     -0.59000  0.31027E+05  0.29854E+04  0.71359E+03  0.24438E+03  0.12658E+02
     -0.58000  0.31027E+05  0.29854E+04  0.71359E+03  0.24438E+03  0.88067E+01
     -0.57000  0.31027E+05  0.29854E+04  0.71359E+03  0.24438E+03  0.40622E+01
     -0.56000  0.31027E+05  0.29854E+04  0.71359E+03  0.24438E+03  0.43108E+01
     -0.55000  0.31027E+05  0.29854E+04  0.71359E+03  0.24438E+03  0.35590E+01
     -0.54000  0.31027E+05  0.29854E+04  0.71359E+03  0.24438E+03  0.22398E+01
     -0.53000  0.31027E+05  0.29854E+04  0.71359E+03  0.24438E+03  0.10636E+02
     -0.52000  0.31027E+05  0.29854E+04  0.71359E+03  0.24438E+03  0.54409E+01
     -0.51000  0.31027E+05  0.29854E+04  0.71359E+03  0.24438E+03  0.74598E+01
     -0.50000  0.31027E+05  0.29854E+04  0.71359E+03  0.24438E+03  0.62568E+01
     -0.49000  0.31027E+05  0.29854E+04  0.71359E+03  0.24438E+03  0.82538E+01
     -0.48000  0.31027E+05  0.29854E+04  0.71359E+03  0.24438E+03  0.27547E+01
     -0.47000  0.31027E+05  0.29854E+04  0.71359E+03  0.24438E+03  0.56365E+01
     -0.46000  0.31027E+05  0.29854E+04  0.71359E+03  0.24438E+03  0.00000E+00
     -0.45000  0.31027E+05  0.29854E+04  0.71359E+03  0.24438E+03  0.60988E+01
     -0.44000  0.31027E+05  0.29854E+04  0.71359E+03  0.24438E+03  0.30694E+01
     -0.43000  0.31027E+05  0.29854E+04  0.71359E+03  0.24438E+03  0.00000E+00
     -0.42000  0.31027E+05  0.29854E+04  0.71359E+03  0.24438E+03  0.38410E+01
     -0.41000  0.31027E+05  0.29854E+04  0.71359E+03  0.24438E+03  0.13100E+01
     -0.40000  0.31027E+05  0.29854E+04  0.71359E+03  0.24438E+03  0.36678E+01
     -0.39000  0.31027E+05  0.29854E+04  0.71359E+03  0.24438E+03  0.19538E+01
     -0.38000  0.31027E+05  0.29854E+04  0.71359E+03  0.24438E+03  0.26347E+01
     -0.37000  0.31027E+05  0.29854E+04  0.71359E+03  0.24438E+03  0.45036E+00
     -0.36000  0.31027E+05  0.29854E+04  0.71359E+03  0.24438E+03  0.00000E+00
     -0.35000  0.31027E+05  0.29854E+04  0.71359E+03  0.24438E+03  0.38473E+01
     -0.34000  0.31027E+05  0.29854E+04  0.71359E+03  0.24438E+03  0.00000E+00
     -0.33000  0.31027E+05  0.29854E+04  0.71359E+03  0.24438E+03  0.23575E+01
     -0.32000  0.31027E+05  0.29854E+04  0.71359E+03  0.24438E+03  0.13700E+01
     -0.31000  0.31027E+05  0.29854E+04  0.71359E+03  0.24438E+03  0.18961E+01
     -0.30000  0.31027E+05  0.29854E+04  0.71359E+03  0.24438E+03  0.83311E+01
     -0.29000  0.31027E+05  0.29854E+04  0.71359E+03  0.24438E+03  0.43132E+01
     -0.28000  0.31027E+05  0.29854E+04  0.71359E+03  0.24438E+03  0.32538E+01
     -0.27000  0.31027E+05  0.29854E+04  0.71359E+03  0.24438E+03  0.60081E+01
     -0.26000  0.31027E+05  0.29854E+04  0.71359E+03  0.24438E+03  0.50435E+01
     -0.25000  0.31027E+05  0.29854E+04  0.71359E+03  0.24438E+03  0.53835E+01
     -0.24000  0.31027E+05  0.29854E+04  0.71359E+03  0.24438E+03  0.57613E+01
     -0.23000  0.31027E+05  0.29854E+04  0.71359E+03  0.24438E+03  0.14767E+01
     -0.22000  0.31027E+05  0.29854E+04  0.71359E+03  0.24438E+03  0.59929E+01
     -0.21000  0.31027E+05  0.29854E+04  0.71359E+03  0.24438E+03  0.29279E+01
     -0.20000  0.31027E+05  0.29854E+04  0.71359E+03  0.24438E+03  0.34604E+01
     -0.19000  0.31027E+05  0.29854E+04  0.71359E+03  0.24438E+03  0.61348E+01
     -0.18000  0.31027E+05  0.29854E+04  0.71359E+03  0.24438E+03  0.62696E+01
     -0.17000  0.31027E+05  0.29854E+04  0.71359E+03  0.24438E+03  0.13068E+02
     -0.16000  0.31027E+05  0.29854E+04  0.71359E+03  0.24438E+03  0.65080E+01
     -0.15000  0.31027E+05  0.29854E+04  0.71359E+03  0.24438E+03  0.12020E+02
     -0.14000  0.31027E+05  0.29854E+04  0.71359E+03  0.24438E+03  0.11487E+02
     -0.13000  0.31027E+05  0.29854E+04  0.71359E+03  0.24438E+03  0.25634E+01
     -0.12000  0.31027E+05  0.29854E+04  0.71359E+03  0.24438E+03  0.74439E+01
     -0.11000  0.31027E+05  0.29854E+04  0.71359E+03  0.24438E+03  0.63536E+01
     -0.10000  0.31027E+05  0.29854E+04  0.71359E+03  0.24438E+03  0.38213E+01
     -0.09000  0.31027E+05  0.29854E+04  0.71359E+03  0.24438E+03  0.22570E+01
     -0.08000  0.31027E+05  0.29854E+04  0.71359E+03  0.24438E+03  0.59594E+01
     -0.07000  0.31027E+05  0.29854E+04  0.71359E+03  0.24438E+03  0.12695E+02
     -0.06000  0.31027E+05  0.29854E+04  0.71359E+03  0.24438E+03  0.67541E+01
     -0.05000  0.31027E+05  0.29854E+04  0.71359E+03  0.24438E+03  0.25694E+01
     -0.04000  0.31027E+05  0.29854E+04  0.71359E+03  0.24438E+03  0.58408E+01
     -0.03000  0.31027E+05  0.29854E+04  0.71359E+03  0.24438E+03  0.47326E+01
     -0.02000  0.31027E+05  0.29854E+04  0.71359E+03  0.24438E+03  0.21519E+01
     -0.01000  0.31027E+05  0.29854E+04  0.71359E+03  0.24438E+03  0.50329E+01
      0.00000  0.31027E+05  0.29854E+04  0.71359E+03  0.24438E+03  0.11771E+02
      0.01000  0.31027E+05  0.29854E+04  0.71359E+03  0.24438E+03  0.98597E+01
      0.02000  0.31027E+05  0.29854E+04  0.71359E+03  0.24438E+03  0.86412E+01
      0.03000  0.31027E+05  0.29854E+04  0.71359E+03  0.24438E+03  0.46675E+01
      0.04000  0.31027E+05  0.29854E+04  0.71359E+03  0.24438E+03  0.13460E+02
      0.05000  0.31027E+05  0.29854E+04  0.71359E+03  0.24438E+03  0.10104E+02
      0.06000  0.31027E+05  0.29854E+04  0.71359E+03  0.24438E+03  0.70863E+01
      0.07000  0.31027E+05  0.29854E+04  0.71359E+03  0.24438E+03  0.10552E+02
      0.08000  0.31027E+05  0.29854E+04  0.71359E+03  0.24438E+03  0.91964E+01
      0.09000  0.31027E+05  0.29854E+04  0.71359E+03  0.24438E+03  0.62395E+01
      0.10000  0.31027E+05  0.29854E+04  0.71359E+03  0.24438E+03  0.14155E+02
      0.11000  0.31027E+05  0.29854E+04  0.71359E+03  0.24438E+03  0.41463E+01
      0.12000  0.31027E+05  0.29854E+04  0.71359E+03  0.24438E+03  0.71738E+01
      0.13000  0.31027E+05  0.29854E+04  0.71359E+03  0.24438E+03  0.10887E+01
      0.14000  0.31027E+05  0.29854E+04  0.71359E+03  0.24438E+03  0.27228E+01
      0.15000  0.31027E+05  0.29854E+04  0.71359E+03  0.24438E+03  0.13223E+01
      0.16000  0.31027E+05  0.29854E+04  0.71359E+03  0.24438E+03  0.28835E+01
      0.17000  0.31027E+05  0.29854E+04  0.71359E+03  0.24438E+03  0.21747E+01
      0.18000  0.31027E+05  0.29854E+04  0.71359E+03  0.24438E+03  0.29880E+01
      0.19000  0.31027E+05  0.29854E+04  0.71359E+03  0.24438E+03  0.18905E+01
      0.20000  0.31027E+05  0.29854E+04  0.71359E+03  0.24438E+03  0.31904E+01
      0.21000  0.31027E+05  0.29854E+04  0.71359E+03  0.24438E+03  0.55000E+01
      0.22000  0.31027E+05  0.29854E+04  0.71359E+03  0.24438E+03  0.25662E+01
      0.23000  0.31027E+05  0.29854E+04  0.71359E+03  0.24438E+03  0.71147E+01
      0.24000  0.31027E+05  0.29854E+04  0.71359E+03  0.24438E+03  0.10174E+02
      0.25000  0.31027E+05  0.29854E+04  0.71359E+03  0.24438E+03  0.15765E+02
      0.26000  0.31027E+05  0.29854E+04  0.71359E+03  0.24438E+03  0.87722E+01
      0.27000  0.31027E+05  0.29854E+04  0.71359E+03  0.24438E+03  0.12730E+02
      0.28000  0.31027E+05  0.29854E+04  0.71359E+03  0.24438E+03  0.93878E+01
      0.29000  0.31027E+05  0.29854E+04  0.71359E+03  0.24438E+03  0.11903E+02
      0.30000  0.31027E+05  0.29854E+04  0.71359E+03  0.24438E+03  0.59357E+01
      0.31000  0.31027E+05  0.29854E+04  0.71359E+03  0.24438E+03  0.90358E+01
      0.32000  0.31027E+05  0.29854E+04  0.71359E+03  0.24438E+03  0.95803E+01
      0.33000  0.31027E+05  0.29854E+04  0.71359E+03  0.24438E+03  0.17019E+02
      0.34000  0.31027E+05  0.29854E+04  0.71359E+03  0.24438E+03  0.18706E+02
      0.35000  0.31027E+05  0.29854E+04  0.71359E+03  0.24438E+03  0.13066E+02
      0.36000  0.31027E+05  0.29854E+04  0.71359E+03  0.24438E+03  0.93130E+01
      0.37000  0.31027E+05  0.29854E+04  0.71359E+03  0.24438E+03  0.12508E+02
      0.38000  0.31027E+05  0.29854E+04  0.71359E+03  0.24438E+03  0.10788E+02
      0.39000  0.31027E+05  0.29854E+04  0.71359E+03  0.24438E+03  0.18534E+02
      0.40000  0.31027E+05  0.29854E+04  0.71359E+03  0.24438E+03  0.19892E+02
      0.41000  0.31027E+05  0.29854E+04  0.71359E+03  0.24438E+03  0.19149E+02
      0.42000  0.31027E+05  0.29854E+04  0.71359E+03  0.24438E+03  0.21643E+02
      0.43000  0.31027E+05  0.29854E+04  0.71359E+03  0.24438E+03  0.27243E+02
      0.44000  0.31027E+05  0.29854E+04  0.71359E+03  0.24438E+03  0.15666E+02
      0.45000  0.31027E+05  0.29854E+04  0.71359E+03  0.24438E+03  0.16093E+02
      0.46000  0.31027E+05  0.29854E+04  0.71359E+03  0.24438E+03  0.14944E+02
      0.47000  0.31027E+05  0.29854E+04  0.71359E+03  0.24438E+03  0.14381E+02
      0.48000  0.31027E+05  0.29854E+04  0.71359E+03  0.24438E+03  0.78261E+01
      0.49000  0.31027E+05  0.29854E+04  0.71359E+03  0.24438E+03  0.11923E+02
      0.50000  0.31027E+05  0.29854E+04  0.71359E+03  0.24438E+03  0.59840E+01
      0.51000  0.31027E+05  0.29854E+04  0.71359E+03  0.24438E+03  0.14679E+02
      0.52000  0.31027E+05  0.29854E+04  0.71359E+03  0.24438E+03  0.75710E+01
      0.53000  0.31027E+05  0.29854E+04  0.71359E+03  0.24438E+03  0.14319E+02
      0.54000  0.31027E+05  0.29854E+04  0.71359E+03  0.24438E+03  0.18664E+02
      0.55000  0.31027E+05  0.29854E+04  0.71359E+03  0.24438E+03  0.13987E+02
      0.56000  0.31027E+05  0.29854E+04  0.71359E+03  0.24438E+03  0.11550E+02
      0.57000  0.31027E+05  0.29854E+04  0.71359E+03  0.24438E+03  0.12684E+02
      0.58000  0.31027E+05  0.29854E+04  0.71359E+03  0.24438E+03  0.21068E+02
      0.59000  0.31027E+05  0.29854E+04  0.71359E+03  0.24438E+03  0.17795E+02
      0.60000  0.31027E+05  0.29854E+04  0.71359E+03  0.24438E+03  0.28135E+02
      0.61000  0.31027E+05  0.29854E+04  0.71359E+03  0.24438E+03  0.14330E+02
      0.62000  0.31027E+05  0.29854E+04  0.71359E+03  0.24438E+03  0.15895E+02
      0.63000  0.31027E+05  0.29854E+04  0.71359E+03  0.24438E+03  0.26368E+02
      0.64000  0.31027E+05  0.29854E+04  0.71359E+03  0.24438E+03  0.23616E+02
      0.65000  0.31027E+05  0.29854E+04  0.71359E+03  0.24438E+03  0.22078E+02
      0.66000  0.31027E+05  0.29854E+04  0.71359E+03  0.24438E+03  0.23811E+02
      0.67000  0.31027E+05  0.29854E+04  0.71359E+03  0.24438E+03  0.33094E+02
      0.68000  0.31027E+05  0.29854E+04  0.71359E+03  0.24438E+03  0.23998E+02
      0.69000  0.31027E+05  0.29854E+04  0.71359E+03  0.24438E+03  0.35292E+02
      0.70000  0.31027E+05  0.29854E+04  0.71359E+03  0.24438E+03  0.14045E+02
      0.71000  0.31027E+05  0.29854E+04  0.71359E+03  0.24438E+03  0.35771E+02
      0.72000  0.31027E+05  0.29854E+04  0.71359E+03  0.24438E+03  0.23122E+02
      0.73000  0.31027E+05  0.29854E+04  0.71359E+03  0.24438E+03  0.27762E+02
      0.74000  0.31027E+05  0.29854E+04  0.71359E+03  0.24438E+03  0.26833E+02
      0.75000  0.31027E+05  0.29854E+04  0.71359E+03  0.24438E+03  0.23432E+02
      0.76000  0.31027E+05  0.29854E+04  0.71359E+03  0.24438E+03  0.28111E+02
      0.77000  0.31027E+05  0.29854E+04  0.71359E+03  0.24438E+03  0.25912E+02
      0.78000  0.31027E+05  0.29854E+04  0.71359E+03  0.24438E+03  0.19811E+02
      0.79000  0.31027E+05  0.29854E+04  0.71359E+03  0.24438E+03  0.23778E+02
      0.80000  0.31027E+05  0.29854E+04  0.71359E+03  0.24438E+03  0.34098E+02
      0.81000  0.31027E+05  0.29854E+04  0.71359E+03  0.24438E+03  0.41139E+02
      0.82000  0.31027E+05  0.29854E+04  0.71359E+03  0.24438E+03  0.36260E+02
      0.83000  0.31027E+05  0.29854E+04  0.71359E+03  0.24438E+03  0.49157E+02
      0.84000  0.31027E+05  0.29854E+04  0.71359E+03  0.24438E+03  0.38755E+02
      0.85000  0.31027E+05  0.29854E+04  0.71359E+03  0.24438E+03  0.39935E+02
      0.86000  0.31027E+05  0.29854E+04  0.71359E+03  0.24438E+03  0.46830E+02
      0.87000  0.31027E+05  0.29854E+04  0.71359E+03  0.24438E+03  0.35262E+02
      0.88000  0.31027E+05  0.29854E+04  0.71359E+03  0.24438E+03  0.30034E+02
      0.89000  0.31027E+05  0.29854E+04  0.71359E+03  0.24438E+03  0.36590E+02
      0.90000  0.31027E+05  0.29854E+04  0.71359E+03  0.24438E+03  0.32933E+02
      0.91000  0.31027E+05  0.29854E+04  0.71359E+03  0.24438E+03  0.29734E+02
      0.92000  0.31027E+05  0.29854E+04  0.71359E+03  0.24438E+03  0.99889E+01
      0.93000  0.31027E+05  0.29854E+04  0.71359E+03  0.24438E+03  0.26643E+02
      0.94000  0.31027E+05  0.29854E+04  0.71359E+03  0.24438E+03  0.42797E+02
      0.95000  0.31027E+05  0.29854E+04  0.71359E+03  0.24438E+03  0.22269E+02
      0.96000  0.31027E+05  0.29854E+04  0.71359E+03  0.24438E+03  0.43951E+02
      0.97000  0.31027E+05  0.29854E+04  0.71359E+03  0.24438E+03  0.12207E+03
      0.98000  0.31027E+05  0.29854E+04  0.71359E+03  0.24438E+03  0.59580E+02
      0.99000  0.31027E+05  0.29854E+04  0.71359E+03  0.24438E+03  0.11085E+03
      1.00000  0.31027E+05  0.29854E+04  0.71359E+03  0.24438E+03  0.63107E+02
     -0.99000  0.31027E+05  0.29854E+04  0.71359E+03  0.24438E+03  0.63107E+02  0.49988E+01
     -0.98000  0.31027E+05  0.29854E+04  0.71359E+03  0.24438E+03  0.63107E+02  0.00000E+00
     -0.97000  0.31027E+05  0.29854E+04  0.71359E+03  0.24438E+03  0.63107E+02  0.00000E+00
     -0.96000  0.31027E+05  0.29854E+04  0.71359E+03  0.24438E+03  0.63107E+02  0.13711E+01
     -0.95000  0.31027E+05  0.29854E+04  0.71359E+03  0.24438E+03  0.63107E+02  0.00000E+00
     -0.94000  0.31027E+05  0.29854E+04  0.71359E+03  0.24438E+03  0.63107E+02  0.68428E+01
     -0.93000  0.31027E+05  0.29854E+04  0.71359E+03  0.24438E+03  0.63107E+02  0.00000E+00
     -0.92000  0.31027E+05  0.29854E+04  0.71359E+03  0.24438E+03  0.63107E+02  0.73647E+01
     -0.91000  0.31027E+05  0.29854E+04  0.71359E+03  0.24438E+03  0.63107E+02  0.22349E+01
     -0.90000  0.31027E+05  0.29854E+04  0.71359E+03  0.24438E+03  0.63107E+02  0.00000E+00
     -0.89000  0.31027E+05  0.29854E+04  0.71359E+03  0.24438E+03  0.63107E+02  0.90004E+00
     -0.88000  0.31027E+05  0.29854E+04  0.71359E+03  0.24438E+03  0.63107E+02  0.00000E+00
     -0.87000  0.31027E+05  0.29854E+04  0.71359E+03  0.24438E+03  0.63107E+02  0.28875E+01
     -0.86000  0.31027E+05  0.29854E+04  0.71359E+03  0.24438E+03  0.63107E+02  0.58816E+01
     -0.85000  0.31027E+05  0.29854E+04  0.71359E+03  0.24438E+03  0.63107E+02  0.26624E+01
     -0.84000  0.31027E+05  0.29854E+04  0.71359E+03  0.24438E+03  0.63107E+02  0.10219E+02
     -0.83000  0.31027E+05  0.29854E+04  0.71359E+03  0.24438E+03  0.63107E+02  0.91158E+00
     -0.82000  0.31027E+05  0.29854E+04  0.71359E+03  0.24438E+03  0.63107E+02  0.00000E+00
     -0.81000  0.31027E+05  0.29854E+04  0.71359E+03  0.24438E+03  0.63107E+02  0.00000E+00
     -0.80000  0.31027E+05  0.29854E+04  0.71359E+03  0.24438E+03  0.63107E+02  0.00000E+00
     -0.79000  0.31027E+05  0.29854E+04  0.71359E+03  0.24438E+03  0.63107E+02  0.00000E+00
     -0.78000  0.31027E+05  0.29854E+04  0.71359E+03  0.24438E+03  0.63107E+02  0.00000E+00
     -0.77000  0.31027E+05  0.29854E+04  0.71359E+03  0.24438E+03  0.63107E+02  0.00000E+00
     -0.76000  0.31027E+05  0.29854E+04  0.71359E+03  0.24438E+03  0.63107E+02  0.31911E+00
     -0.75000  0.31027E+05  0.29854E+04  0.71359E+03  0.24438E+03  0.63107E+02  0.32400E+01
     -0.74000  0.31027E+05  0.29854E+04  0.71359E+03  0.24438E+03  0.63107E+02  0.21956E+01
     -0.73000  0.31027E+05  0.29854E+04  0.71359E+03  0.24438E+03  0.63107E+02  0.35575E+01
     -0.72000  0.31027E+05  0.29854E+04  0.71359E+03  0.24438E+03  0.63107E+02  0.30605E+01
     -0.71000  0.31027E+05  0.29854E+04  0.71359E+03  0.24438E+03  0.63107E+02  0.26830E+01
     -0.70000  0.31027E+05  0.29854E+04  0.71359E+03  0.24438E+03  0.63107E+02  0.86240E+01
     -0.69000  0.31027E+05  0.29854E+04  0.71359E+03  0.24438E+03  0.63107E+02  0.33511E+01
     -0.68000  0.31027E+05  0.29854E+04  0.71359E+03  0.24438E+03  0.63107E+02  0.63491E+01
     -0.67000  0.31027E+05  0.29854E+04  0.71359E+03  0.24438E+03  0.63107E+02  0.27685E+01
     -0.66000  0.31027E+05  0.29854E+04  0.71359E+03  0.24438E+03  0.63107E+02  0.37197E+01
     -0.65000  0.31027E+05  0.29854E+04  0.71359E+03  0.24438E+03  0.63107E+02  0.11488E+01
     -0.64000  0.31027E+05  0.29854E+04  0.71359E+03  0.24438E+03  0.63107E+02  0.25091E+01
     -0.63000  0.31027E+05  0.29854E+04  0.71359E+03  0.24438E+03  0.63107E+02  0.53299E+01
     -0.62000  0.31027E+05  0.29854E+04  0.71359E+03  0.24438E+03  0.63107E+02  0.52003E+01
     -0.61000  0.31027E+05  0.29854E+04  0.71359E+03  0.24438E+03  0.63107E+02  0.37704E+01
     -0.60000  0.31027E+05  0.29854E+04  0.71359E+03  0.24438E+03  0.63107E+02  0.16871E+01
     -0.59000  0.31027E+05  0.29854E+04  0.71359E+03  0.24438E+03  0.63107E+02  0.31466E+01
     -0.58000  0.31027E+05  0.29854E+04  0.71359E+03  0.24438E+03  0.63107E+02  0.00000E+00
     -0.57000  0.31027E+05  0.29854E+04  0.71359E+03  0.24438E+03  0.63107E+02  0.00000E+00
     -0.56000  0.31027E+05  0.29854E+04  0.71359E+03  0.24438E+03  0.63107E+02  0.32254E+00
     -0.55000  0.31027E+05  0.29854E+04  0.71359E+03  0.24438E+03  0.63107E+02  0.28681E+01
     -0.54000  0.31027E+05  0.29854E+04  0.71359E+03  0.24438E+03  0.63107E+02  0.00000E+00
     -0.53000  0.31027E+05  0.29854E+04  0.71359E+03  0.24438E+03  0.63107E+02  0.78760E+00
     -0.52000  0.31027E+05  0.29854E+04  0.71359E+03  0.24438E+03  0.63107E+02  0.28002E+01
     -0.51000  0.31027E+05  0.29854E+04  0.71359E+03  0.24438E+03  0.63107E+02  0.93112E+00
     -0.50000  0.31027E+05  0.29854E+04  0.71359E+03  0.24438E+03  0.63107E+02  0.25078E+01
     -0.49000  0.31027E+05  0.29854E+04  0.71359E+03  0.24438E+03  0.63107E+02  0.33543E+01
     -0.48000  0.31027E+05  0.29854E+04  0.71359E+03  0.24438E+03  0.63107E+02  0.55757E+01
     -0.47000  0.31027E+05  0.29854E+04  0.71359E+03  0.24438E+03  0.63107E+02  0.26438E+01
     -0.46000  0.31027E+05  0.29854E+04  0.71359E+03  0.24438E+03  0.63107E+02  0.45023E+01
     -0.45000  0.31027E+05  0.29854E+04  0.71359E+03  0.24438E+03  0.63107E+02  0.17710E+01
     -0.44000  0.31027E+05  0.29854E+04  0.71359E+03  0.24438E+03  0.63107E+02  0.98709E+00
     -0.43000  0.31027E+05  0.29854E+04  0.71359E+03  0.24438E+03  0.63107E+02  0.26699E+01
     -0.42000  0.31027E+05  0.29854E+04  0.71359E+03  0.24438E+03  0.63107E+02  0.26783E+01
     -0.41000  0.31027E+05  0.29854E+04  0.71359E+03  0.24438E+03  0.63107E+02  0.00000E+00
     -0.40000  0.31027E+05  0.29854E+04  0.71359E+03  0.24438E+03  0.63107E+02  0.27408E+01
     -0.39000  0.31027E+05  0.29854E+04  0.71359E+03  0.24438E+03  0.63107E+02  0.31324E+01
     -0.38000  0.31027E+05  0.29854E+04  0.71359E+03  0.24438E+03  0.63107E+02  0.37506E+01
     -0.37000  0.31027E+05  0.29854E+04  0.71359E+03  0.24438E+03  0.63107E+02  0.61122E+01
     -0.36000  0.31027E+05  0.29854E+04  0.71359E+03  0.24438E+03  0.63107E+02  0.52066E+01
     -0.35000  0.31027E+05  0.29854E+04  0.71359E+03  0.24438E+03  0.63107E+02  0.89128E+01
     -0.34000  0.31027E+05  0.29854E+04  0.71359E+03  0.24438E+03  0.63107E+02  0.42499E+01
     -0.33000  0.31027E+05  0.29854E+04  0.71359E+03  0.24438E+03  0.63107E+02  0.40092E+01
     -0.32000  0.31027E+05  0.29854E+04  0.71359E+03  0.24438E+03  0.63107E+02  0.65675E+01
     -0.31000  0.31027E+05  0.29854E+04  0.71359E+03  0.24438E+03  0.63107E+02  0.35016E+01
     -0.30000  0.31027E+05  0.29854E+04  0.71359E+03  0.24438E+03  0.63107E+02  0.34476E+01
     -0.29000  0.31027E+05  0.29854E+04  0.71359E+03  0.24438E+03  0.63107E+02  0.12916E+01
     -0.28000  0.31027E+05  0.29854E+04  0.71359E+03  0.24438E+03  0.63107E+02  0.36041E+01
     -0.27000  0.31027E+05  0.29854E+04  0.71359E+03  0.24438E+03  0.63107E+02  0.00000E+00
     -0.26000  0.31027E+05  0.29854E+04  0.71359E+03  0.24438E+03  0.63107E+02  0.19971E+01
     -0.25000  0.31027E+05  0.29854E+04  0.71359E+03  0.24438E+03  0.63107E+02  0.23494E+01
     -0.24000  0.31027E+05  0.29854E+04  0.71359E+03  0.24438E+03  0.63107E+02  0.93696E+00
     -0.23000  0.31027E+05  0.29854E+04  0.71359E+03  0.24438E+03  0.63107E+02  0.14830E+01
     -0.22000  0.31027E+05  0.29854E+04  0.71359E+03  0.24438E+03  0.63107E+02  0.32735E+01
     -0.21000  0.31027E+05  0.29854E+04  0.71359E+03  0.24438E+03  0.63107E+02  0.86929E+00
     -0.20000  0.31027E+05  0.29854E+04  0.71359E+03  0.24438E+03  0.63107E+02  0.00000E+00
     -0.19000  0.31027E+05  0.29854E+04  0.71359E+03  0.24438E+03  0.63107E+02  0.66534E+01
     -0.18000  0.31027E+05  0.29854E+04  0.71359E+03  0.24438E+03  0.63107E+02  0.30587E+01
     -0.17000  0.31027E+05  0.29854E+04  0.71359E+03  0.24438E+03  0.63107E+02  0.28887E+01
     -0.16000  0.31027E+05  0.29854E+04  0.71359E+03  0.24438E+03  0.63107E+02  0.44294E+01
     -0.15000  0.31027E+05  0.29854E+04  0.71359E+03  0.24438E+03  0.63107E+02  0.52748E+01
     -0.14000  0.31027E+05  0.29854E+04  0.71359E+03  0.24438E+03  0.63107E+02  0.27002E+01
     -0.13000  0.31027E+05  0.29854E+04  0.71359E+03  0.24438E+03  0.63107E+02  0.84946E+01
     -0.12000  0.31027E+05  0.29854E+04  0.71359E+03  0.24438E+03  0.63107E+02  0.28521E+01
     -0.11000  0.31027E+05  0.29854E+04  0.71359E+03  0.24438E+03  0.63107E+02  0.30032E+01
     -0.10000  0.31027E+05  0.29854E+04  0.71359E+03  0.24438E+03  0.63107E+02  0.42629E+01
     -0.09000  0.31027E+05  0.29854E+04  0.71359E+03  0.24438E+03  0.63107E+02  0.00000E+00
     -0.08000  0.31027E+05  0.29854E+04  0.71359E+03  0.24438E+03  0.63107E+02  0.27752E+01
     -0.07000  0.31027E+05  0.29854E+04  0.71359E+03  0.24438E+03  0.63107E+02  0.11167E+01
     -0.06000  0.31027E+05  0.29854E+04  0.71359E+03  0.24438E+03  0.63107E+02  0.39212E+01
     -0.05000  0.31027E+05  0.29854E+04  0.71359E+03  0.24438E+03  0.63107E+02  0.54620E+01
     -0.04000  0.31027E+05  0.29854E+04  0.71359E+03  0.24438E+03  0.63107E+02  0.54274E+01
     -0.03000  0.31027E+05  0.29854E+04  0.71359E+03  0.24438E+03  0.63107E+02  0.11083E+02
     -0.02000  0.31027E+05  0.29854E+04  0.71359E+03  0.24438E+03  0.63107E+02  0.68916E+01
     -0.01000  0.31027E+05  0.29854E+04  0.71359E+03  0.24438E+03  0.63107E+02  0.64219E+01
      0.00000  0.31027E+05  0.29854E+04  0.71359E+03  0.24438E+03  0.63107E+02  0.71682E+01
      0.01000  0.31027E+05  0.29854E+04  0.71359E+03  0.24438E+03  0.63107E+02  0.51248E+01
      0.02000  0.31027E+05  0.29854E+04  0.71359E+03  0.24438E+03  0.63107E+02  0.39113E+01
      0.03000  0.31027E+05  0.29854E+04  0.71359E+03  0.24438E+03  0.63107E+02  0.10469E+02
      0.04000  0.31027E+05  0.29854E+04  0.71359E+03  0.24438E+03  0.63107E+02  0.38934E+01
      0.05000  0.31027E+05  0.29854E+04  0.71359E+03  0.24438E+03  0.63107E+02  0.11420E+01
      0.06000  0.31027E+05  0.29854E+04  0.71359E+03  0.24438E+03  0.63107E+02  0.10519E+02
      0.07000  0.31027E+05  0.29854E+04  0.71359E+03  0.24438E+03  0.63107E+02  0.12346E+02
      0.08000  0.31027E+05  0.29854E+04  0.71359E+03  0.24438E+03  0.63107E+02  0.71550E+01
      0.09000  0.31027E+05  0.29854E+04  0.71359E+03  0.24438E+03  0.63107E+02  0.47685E+01
      0.10000  0.31027E+05  0.29854E+04  0.71359E+03  0.24438E+03  0.63107E+02  0.24857E+01
      0.11000  0.31027E+05  0.29854E+04  0.71359E+03  0.24438E+03  0.63107E+02  0.16093E+02
      0.12000  0.31027E+05  0.29854E+04  0.71359E+03  0.24438E+03  0.63107E+02  0.60519E+01
      0.13000  0.31027E+05  0.29854E+04  0.71359E+03  0.24438E+03  0.63107E+02  0.14795E+02
      0.14000  0.31027E+05  0.29854E+04  0.71359E+03  0.24438E+03  0.63107E+02  0.98304E+01
      0.15000  0.31027E+05  0.29854E+04  0.71359E+03  0.24438E+03  0.63107E+02  0.87044E+01
      0.16000  0.31027E+05  0.29854E+04  0.71359E+03  0.24438E+03  0.63107E+02  0.89576E+01
      0.17000  0.31027E+05  0.29854E+04  0.71359E+03  0.24438E+03  0.63107E+02  0.72868E+01
      0.18000  0.31027E+05  0.29854E+04  0.71359E+03  0.24438E+03  0.63107E+02  0.10366E+02
      0.19000  0.31027E+05  0.29854E+04  0.71359E+03  0.24438E+03  0.63107E+02  0.15160E+02
      0.20000  0.31027E+05  0.29854E+04  0.71359E+03  0.24438E+03  0.63107E+02  0.93898E+01
      0.21000  0.31027E+05  0.29854E+04  0.71359E+03  0.24438E+03  0.63107E+02  0.66273E+01
      0.22000  0.31027E+05  0.29854E+04  0.71359E+03  0.24438E+03  0.63107E+02  0.56398E+01
      0.23000  0.31027E+05  0.29854E+04  0.71359E+03  0.24438E+03  0.63107E+02  0.13528E+02
      0.24000  0.31027E+05  0.29854E+04  0.71359E+03  0.24438E+03  0.63107E+02  0.95111E+01
      0.25000  0.31027E+05  0.29854E+04  0.71359E+03  0.24438E+03  0.63107E+02  0.10619E+02
      0.26000  0.31027E+05  0.29854E+04  0.71359E+03  0.24438E+03  0.63107E+02  0.52396E+01
      0.27000  0.31027E+05  0.29854E+04  0.71359E+03  0.24438E+03  0.63107E+02  0.98666E+01
      0.28000  0.31027E+05  0.29854E+04  0.71359E+03  0.24438E+03  0.63107E+02  0.90904E+01
      0.29000  0.31027E+05  0.29854E+04  0.71359E+03  0.24438E+03  0.63107E+02  0.18974E+02
      0.30000  0.31027E+05  0.29854E+04  0.71359E+03  0.24438E+03  0.63107E+02  0.12693E+02
      0.31000  0.31027E+05  0.29854E+04  0.71359E+03  0.24438E+03  0.63107E+02  0.15272E+02
      0.32000  0.31027E+05  0.29854E+04  0.71359E+03  0.24438E+03  0.63107E+02  0.20794E+02
      0.33000  0.31027E+05  0.29854E+04  0.71359E+03  0.24438E+03  0.63107E+02  0.20841E+02
      0.34000  0.31027E+05  0.29854E+04  0.71359E+03  0.24438E+03  0.63107E+02  0.11896E+02
      0.35000  0.31027E+05  0.29854E+04  0.71359E+03  0.24438E+03  0.63107E+02  0.21833E+02
      0.36000  0.31027E+05  0.29854E+04  0.71359E+03  0.24438E+03  0.63107E+02  0.13242E+02
      0.37000  0.31027E+05  0.29854E+04  0.71359E+03  0.24438E+03  0.63107E+02  0.10914E+02
      0.38000  0.31027E+05  0.29854E+04  0.71359E+03  0.24438E+03  0.63107E+02  0.12240E+02
      0.39000  0.31027E+05  0.29854E+04  0.71359E+03  0.24438E+03  0.63107E+02  0.13754E+02
      0.40000  0.31027E+05  0.29854E+04  0.71359E+03  0.24438E+03  0.63107E+02  0.12379E+02
      0.41000  0.31027E+05  0.29854E+04  0.71359E+03  0.24438E+03  0.63107E+02  0.11579E+02
      0.42000  0.31027E+05  0.29854E+04  0.71359E+03  0.24438E+03  0.63107E+02  0.93867E+01
      0.43000  0.31027E+05  0.29854E+04  0.71359E+03  0.24438E+03  0.63107E+02  0.10065E+02
      0.44000  0.31027E+05  0.29854E+04  0.71359E+03  0.24438E+03  0.63107E+02  0.11242E+02
      0.45000  0.31027E+05  0.29854E+04  0.71359E+03  0.24438E+03  0.63107E+02  0.19436E+02
      0.46000  0.31027E+05  0.29854E+04  0.71359E+03  0.24438E+03  0.63107E+02  0.27702E+02
      0.47000  0.31027E+05  0.29854E+04  0.71359E+03  0.24438E+03  0.63107E+02  0.11558E+02
      0.48000  0.31027E+05  0.29854E+04  0.71359E+03  0.24438E+03  0.63107E+02  0.83862E+01
      0.49000  0.31027E+05  0.29854E+04  0.71359E+03  0.24438E+03  0.63107E+02  0.91643E+01
      0.50000  0.31027E+05  0.29854E+04  0.71359E+03  0.24438E+03  0.63107E+02  0.26133E+01
      0.51000  0.31027E+05  0.29854E+04  0.71359E+03  0.24438E+03  0.63107E+02  0.26069E+01
      0.52000  0.31027E+05  0.29854E+04  0.71359E+03  0.24438E+03  0.63107E+02  0.59647E+01
      0.53000  0.31027E+05  0.29854E+04  0.71359E+03  0.24438E+03  0.63107E+02  0.57712E+01
      0.54000  0.31027E+05  0.29854E+04  0.71359E+03  0.24438E+03  0.63107E+02  0.27411E+01
      0.55000  0.31027E+05  0.29854E+04  0.71359E+03  0.24438E+03  0.63107E+02  0.50940E+01
      0.56000  0.31027E+05  0.29854E+04  0.71359E+03  0.24438E+03  0.63107E+02  0.95973E+01
      0.57000  0.31027E+05  0.29854E+04  0.71359E+03  0.24438E+03  0.63107E+02  0.89691E+01
      0.58000  0.31027E+05  0.29854E+04  0.71359E+03  0.24438E+03  0.63107E+02  0.60121E+01
      0.59000  0.31027E+05  0.29854E+04  0.71359E+03  0.24438E+03  0.63107E+02  0.56925E+01
      0.60000  0.31027E+05  0.29854E+04  0.71359E+03  0.24438E+03  0.63107E+02  0.78221E+01
      0.61000  0.31027E+05  0.29854E+04  0.71359E+03  0.24438E+03  0.63107E+02  0.18855E+02
      0.62000  0.31027E+05  0.29854E+04  0.71359E+03  0.24438E+03  0.63107E+02  0.12955E+02
      0.63000  0.31027E+05  0.29854E+04  0.71359E+03  0.24438E+03  0.63107E+02  0.13360E+02
      0.64000  0.31027E+05  0.29854E+04  0.71359E+03  0.24438E+03  0.63107E+02  0.38169E+01
      0.65000  0.31027E+05  0.29854E+04  0.71359E+03  0.24438E+03  0.63107E+02  0.74657E+01
      0.66000  0.31027E+05  0.29854E+04  0.71359E+03  0.24438E+03  0.63107E+02  0.18564E+02
      0.67000  0.31027E+05  0.29854E+04  0.71359E+03  0.24438E+03  0.63107E+02  0.18714E+02
      0.68000  0.31027E+05  0.29854E+04  0.71359E+03  0.24438E+03  0.63107E+02  0.14405E+02
      0.69000  0.31027E+05  0.29854E+04  0.71359E+03  0.24438E+03  0.63107E+02  0.16893E+02
      0.70000  0.31027E+05  0.29854E+04  0.71359E+03  0.24438E+03  0.63107E+02  0.13288E+02
      0.71000  0.31027E+05  0.29854E+04  0.71359E+03  0.24438E+03  0.63107E+02  0.82034E+01
      0.72000  0.31027E+05  0.29854E+04  0.71359E+03  0.24438E+03  0.63107E+02  0.60858E+01
      0.73000  0.31027E+05  0.29854E+04  0.71359E+03  0.24438E+03  0.63107E+02  0.50973E+01
      0.74000  0.31027E+05  0.29854E+04  0.71359E+03  0.24438E+03  0.63107E+02  0.16672E+02
      0.75000  0.31027E+05  0.29854E+04  0.71359E+03  0.24438E+03  0.63107E+02  0.20295E+02
      0.76000  0.31027E+05  0.29854E+04  0.71359E+03  0.24438E+03  0.63107E+02  0.16329E+02
      0.77000  0.31027E+05  0.29854E+04  0.71359E+03  0.24438E+03  0.63107E+02  0.34140E+02
      0.78000  0.31027E+05  0.29854E+04  0.71359E+03  0.24438E+03  0.63107E+02  0.23020E+02
      0.79000  0.31027E+05  0.29854E+04  0.71359E+03  0.24438E+03  0.63107E+02  0.30326E+02
      0.80000  0.31027E+05  0.29854E+04  0.71359E+03  0.24438E+03  0.63107E+02  0.23924E+02
      0.81000  0.31027E+05  0.29854E+04  0.71359E+03  0.24438E+03  0.63107E+02  0.16485E+02
      0.82000  0.31027E+05  0.29854E+04  0.71359E+03  0.24438E+03  0.63107E+02  0.14029E+02
      0.83000  0.31027E+05  0.29854E+04  0.71359E+03  0.24438E+03  0.63107E+02  0.23534E+02
      0.84000  0.31027E+05  0.29854E+04  0.71359E+03  0.24438E+03  0.63107E+02  0.21654E+02
      0.85000  0.31027E+05  0.29854E+04  0.71359E+03  0.24438E+03  0.63107E+02  0.23626E+02
      0.86000  0.31027E+05  0.29854E+04  0.71359E+03  0.24438E+03  0.63107E+02  0.31567E+02
      0.87000  0.31027E+05  0.29854E+04  0.71359E+03  0.24438E+03  0.63107E+02  0.30244E+02
      0.88000  0.31027E+05  0.29854E+04  0.71359E+03  0.24438E+03  0.63107E+02  0.24400E+02
      0.89000  0.31027E+05  0.29854E+04  0.71359E+03  0.24438E+03  0.63107E+02  0.31944E+02
      0.90000  0.31027E+05  0.29854E+04  0.71359E+03  0.24438E+03  0.63107E+02  0.22780E+02
      0.91000  0.31027E+05  0.29854E+04  0.71359E+03  0.24438E+03  0.63107E+02  0.15683E+02
      0.92000  0.31027E+05  0.29854E+04  0.71359E+03  0.24438E+03  0.63107E+02  0.10887E+02
      0.93000  0.31027E+05  0.29854E+04  0.71359E+03  0.24438E+03  0.63107E+02  0.23280E+02
      0.94000  0.31027E+05  0.29854E+04  0.71359E+03  0.24438E+03  0.63107E+02  0.13123E+02
      0.95000  0.31027E+05  0.29854E+04  0.71359E+03  0.24438E+03  0.63107E+02  0.48338E+02
      0.96000  0.31027E+05  0.29854E+04  0.71359E+03  0.24438E+03  0.63107E+02  0.17898E+02
      0.97000  0.31027E+05  0.29854E+04  0.71359E+03  0.24438E+03  0.63107E+02  0.36289E+02
      0.98000  0.31027E+05  0.29854E+04  0.71359E+03  0.24438E+03  0.63107E+02  0.48872E+02
      0.99000  0.31027E+05  0.29854E+04  0.71359E+03  0.24438E+03  0.63107E+02  0.43484E+02
      1.00000  0.31027E+05  0.29854E+04  0.71359E+03  0.24438E+03  0.63107E+02  0.35539E+02
