     -0.99000  0.50689E+04  0.85597E+04  0.10212E+05  0.13568E+05  0.17892E+05
     -0.98000  0.22387E+04  0.35613E+04  0.45569E+04  0.52703E+04  0.71744E+04
     -0.97000  0.17154E+04  0.30784E+04  0.35253E+04  0.44115E+04  0.57248E+04
     -0.96000  0.12333E+04  0.23910E+04  0.28234E+04  0.34903E+04  0.46657E+04
     -0.95000  0.12744E+04  0.18604E+04  0.26496E+04  0.29709E+04  0.42466E+04
     -0.94000  0.12599E+04  0.16757E+04  0.23131E+04  0.23555E+04  0.39796E+04
     -0.93000  0.95314E+03  0.16633E+04  0.18516E+04  0.27520E+04  0.34306E+04
     -0.92000  0.92834E+03  0.17337E+04  0.18121E+04  0.21478E+04  0.30567E+04
     -0.91000  0.97210E+03  0.14553E+04  0.21518E+04  0.24105E+04  0.29939E+04
     -0.90000  0.98199E+03  0.17263E+04  0.15786E+04  0.21593E+04  0.28489E+04
     -0.89000  0.78015E+03  0.14220E+04  0.14247E+04  0.19954E+04  0.26732E+04
     -0.88000  0.89296E+03  0.13153E+04  0.15649E+04  0.19713E+04  0.24180E+04
     -0.87000  0.91089E+03  0.11848E+04  0.16042E+04  0.19416E+04  0.23958E+04
     -0.86000  0.62804E+03  0.12995E+04  0.14934E+04  0.17368E+04  0.26791E+04
     -0.85000  0.53447E+03  0.11906E+04  0.15989E+04  0.17389E+04  0.26247E+04
     -0.84000  0.66139E+03  0.11408E+04  0.14627E+04  0.18267E+04  0.24255E+04
     -0.83000  0.68903E+03  0.10048E+04  0.10789E+04  0.16172E+04  0.23855E+04
     -0.82000  0.53696E+03  0.11009E+04  0.10499E+04  0.16019E+04  0.22921E+04
     -0.81000  0.49694E+03  0.10856E+04  0.13734E+04  0.15086E+04  0.22896E+04
     -0.80000  0.73321E+03  0.90868E+03  0.12529E+04  0.16635E+04  0.20471E+04
     -0.79000  0.49135E+03  0.12857E+04  0.14109E+04  0.13169E+04  0.18938E+04
     -0.78000  0.64456E+03  0.95757E+03  0.11782E+04  0.13051E+04  0.20475E+04
     -0.77000  0.51990E+03  0.10230E+04  0.12349E+04  0.14474E+04  0.18267E+04
     -0.76000  0.40388E+03  0.10602E+04  0.11197E+04  0.14820E+04  0.20676E+04
     -0.75000  0.49324E+03  0.88326E+03  0.93403E+03  0.15985E+04  0.17439E+04
     -0.74000  0.56535E+03  0.79004E+03  0.10680E+04  0.12088E+04  0.16964E+04
     -0.73000  0.48279E+03  0.97954E+03  0.12872E+04  0.13695E+04  0.18151E+04
     -0.72000  0.50179E+03  0.96712E+03  0.11543E+04  0.14077E+04  0.19039E+04
     -0.71000  0.45612E+03  0.82898E+03  0.12161E+04  0.12048E+04  0.19122E+04
     -0.70000  0.52080E+03  0.80391E+03  0.89742E+03  0.12997E+04  0.17352E+04
     -0.69000  0.51087E+03  0.72206E+03  0.84528E+03  0.12572E+04  0.15068E+04
     -0.68000  0.50727E+03  0.86725E+03  0.99106E+03  0.12370E+04  0.16193E+04
     -0.67000  0.45157E+03  0.88423E+03  0.10267E+04  0.11893E+04  0.17738E+04
     -0.66000  0.62309E+03  0.75956E+03  0.86377E+03  0.14285E+04  0.14736E+04
     -0.65000  0.59323E+03  0.66494E+03  0.10734E+04  0.13416E+04  0.16500E+04
     -0.64000  0.50516E+03  0.71402E+03  0.95859E+03  0.13964E+04  0.18206E+04
     -0.63000  0.37713E+03  0.72265E+03  0.10015E+04  0.12107E+04  0.14095E+04
     -0.62000  0.42905E+03  0.80931E+03  0.11611E+04  0.10683E+04  0.15132E+04
     -0.61000  0.45711E+03  0.79354E+03  0.86542E+03  0.12185E+04  0.17088E+04
     -0.60000  0.54882E+03  0.87820E+03  0.80365E+03  0.10109E+04  0.14074E+04
     -0.59000  0.48161E+03  0.88947E+03  0.91908E+03  0.13910E+04  0.15550E+04
     -0.58000  0.37110E+03  0.82872E+03  0.84823E+03  0.11199E+04  0.16532E+04
     -0.57000  0.49463E+03  0.82412E+03  0.86369E+03  0.10642E+04  0.14708E+04
     -0.56000  0.41206E+03  0.82504E+03  0.95584E+03  0.12228E+04  0.15150E+04
     -0.55000  0.41880E+03  0.92113E+03  0.76786E+03  0.11076E+04  0.16471E+04
     -0.54000  0.43687E+03  0.77953E+03  0.97127E+03  0.10800E+04  0.16958E+04
     -0.53000  0.48986E+03  0.82301E+03  0.85246E+03  0.10799E+04  0.15269E+04
     -0.52000  0.46077E+03  0.65857E+03  0.74944E+03  0.11113E+04  0.13484E+04
     -0.51000  0.49822E+03  0.85659E+03  0.84641E+03  0.10758E+04  0.13727E+04
     -0.50000  0.44163E+03  0.60927E+03  0.88106E+03  0.12071E+04  0.12922E+04
     -0.49000  0.43131E+03  0.89846E+03  0.83783E+03  0.10886E+04  0.14208E+04
     -0.48000  0.49192E+03  0.69619E+03  0.75977E+03  0.90459E+03  0.14869E+04
     -0.47000  0.39586E+03  0.73175E+03  0.87077E+03  0.96653E+03  0.14761E+04
     -0.46000  0.52434E+03  0.73269E+03  0.88690E+03  0.10140E+04  0.12444E+04
     -0.45000  0.57315E+03  0.64857E+03  0.69906E+03  0.10175E+04  0.15228E+04
     -0.44000  0.49427E+03  0.68183E+03  0.78667E+03  0.10170E+04  0.15898E+04
     -0.43000  0.40585E+03  0.72967E+03  0.71209E+03  0.87799E+03  0.13505E+04
     -0.42000  0.33125E+03  0.69658E+03  0.75691E+03  0.10084E+04  0.14574E+04
     -0.41000  0.48122E+03  0.62530E+03  0.98501E+03  0.10881E+04  0.13985E+04
     -0.40000  0.32851E+03  0.79054E+03  0.74193E+03  0.91818E+03  0.13576E+04
     -0.39000  0.37142E+03  0.56563E+03  0.98286E+03  0.11853E+04  0.12395E+04
     -0.38000  0.45757E+03  0.58414E+03  0.10047E+04  0.10406E+04  0.11931E+04
     -0.37000  0.44901E+03  0.76094E+03  0.95872E+03  0.86613E+03  0.13014E+04
     -0.36000  0.45850E+03  0.83850E+03  0.84932E+03  0.90690E+03  0.13837E+04
     -0.35000  0.28212E+03  0.52086E+03  0.77967E+03  0.10147E+04  0.14116E+04
     -0.34000  0.33666E+03  0.70126E+03  0.76863E+03  0.92409E+03  0.13997E+04
     -0.33000  0.39323E+03  0.64891E+03  0.90480E+03  0.93690E+03  0.13245E+04
     -0.32000  0.24985E+03  0.63975E+03  0.70067E+03  0.79903E+03  0.12700E+04
     -0.31000  0.40995E+03  0.71961E+03  0.99899E+03  0.10743E+04  0.13064E+04
     -0.30000  0.28568E+03  0.71623E+03  0.83327E+03  0.13059E+04  0.12043E+04
     -0.29000  0.45254E+03  0.72066E+03  0.82145E+03  0.86489E+03  0.11083E+04
     -0.28000  0.36018E+03  0.79123E+03  0.71603E+03  0.77835E+03  0.14442E+04
     -0.27000  0.34305E+03  0.62747E+03  0.78180E+03  0.92749E+03  0.12656E+04
     -0.26000  0.38002E+03  0.55775E+03  0.79495E+03  0.78461E+03  0.12539E+04
     -0.25000  0.39501E+03  0.56954E+03  0.68704E+03  0.88295E+03  0.12218E+04
     -0.24000  0.33852E+03  0.74313E+03  0.83738E+03  0.10300E+04  0.13786E+04
     -0.23000  0.31410E+03  0.55918E+03  0.74586E+03  0.96849E+03  0.14154E+04
     -0.22000  0.33270E+03  0.66244E+03  0.77390E+03  0.72237E+03  0.12755E+04
     -0.21000  0.34746E+03  0.54273E+03  0.89596E+03  0.82743E+03  0.12928E+04
     -0.20000  0.40041E+03  0.64281E+03  0.73867E+03  0.11612E+04  0.14520E+04
     -0.19000  0.41430E+03  0.62915E+03  0.73883E+03  0.75148E+03  0.12398E+04
     -0.18000  0.26835E+03  0.57345E+03  0.77285E+03  0.84102E+03  0.12416E+04
     -0.17000  0.35490E+03  0.60607E+03  0.61619E+03  0.80692E+03  0.10553E+04
     -0.16000  0.41301E+03  0.65404E+03  0.89397E+03  0.94705E+03  0.11652E+04
     -0.15000  0.36159E+03  0.56765E+03  0.85190E+03  0.10658E+04  0.10328E+04
     -0.14000  0.27518E+03  0.56386E+03  0.52219E+03  0.87401E+03  0.10015E+04
     -0.13000  0.36650E+03  0.55863E+03  0.77275E+03  0.98480E+03  0.10215E+04
     -0.12000  0.33945E+03  0.61204E+03  0.81124E+03  0.90151E+03  0.11117E+04
     -0.11000  0.34751E+03  0.72715E+03  0.82805E+03  0.81990E+03  0.13269E+04
     -0.10000  0.37170E+03  0.60793E+03  0.75092E+03  0.10637E+04  0.11999E+04
     -0.09000  0.35599E+03  0.46140E+03  0.93607E+03  0.78584E+03  0.13140E+04
     -0.08000  0.36027E+03  0.60241E+03  0.70579E+03  0.10095E+04  0.12028E+04
     -0.07000  0.37660E+03  0.82960E+03  0.71687E+03  0.77256E+03  0.13091E+04
     -0.06000  0.46386E+03  0.54026E+03  0.72554E+03  0.90713E+03  0.15150E+04
     -0.05000  0.50101E+03  0.80707E+03  0.71288E+03  0.89046E+03  0.11968E+04
     -0.04000  0.39698E+03  0.67698E+03  0.69657E+03  0.86781E+03  0.13600E+04
     -0.03000  0.52361E+03  0.59039E+03  0.79228E+03  0.89646E+03  0.13827E+04
     -0.02000  0.24844E+03  0.61353E+03  0.52783E+03  0.78917E+03  0.12449E+04
     -0.01000  0.35050E+03  0.54520E+03  0.55829E+03  0.97413E+03  0.13078E+04
      0.00000  0.35576E+03  0.55987E+03  0.75884E+03  0.10726E+04  0.11488E+04
      0.01000  0.39495E+03  0.64326E+03  0.65312E+03  0.98233E+03  0.11773E+04
      0.02000  0.33819E+03  0.49002E+03  0.70965E+03  0.74761E+03  0.12822E+04
      0.03000  0.42789E+03  0.55797E+03  0.67185E+03  0.10047E+04  0.10467E+04
      0.04000  0.30656E+03  0.71487E+03  0.82017E+03  0.10237E+04  0.12939E+04
      0.05000  0.37582E+03  0.51295E+03  0.72854E+03  0.62259E+03  0.12623E+04
      0.06000  0.44339E+03  0.58926E+03  0.85190E+03  0.11185E+04  0.12086E+04
      0.07000  0.29124E+03  0.45242E+03  0.74665E+03  0.89845E+03  0.12506E+04
      0.08000  0.41842E+03  0.71430E+03  0.91166E+03  0.99930E+03  0.10881E+04
      0.09000  0.45835E+03  0.70802E+03  0.80390E+03  0.93136E+03  0.11951E+04
      0.10000  0.55634E+03  0.64383E+03  0.64231E+03  0.86074E+03  0.11636E+04
      0.11000  0.32918E+03  0.75107E+03  0.73953E+03  0.93175E+03  0.12992E+04
      0.12000  0.43832E+03  0.76942E+03  0.73356E+03  0.10203E+04  0.12132E+04
      0.13000  0.40105E+03  0.61185E+03  0.85970E+03  0.84182E+03  0.11291E+04
      0.14000  0.41255E+03  0.48812E+03  0.81021E+03  0.95828E+03  0.11562E+04
      0.15000  0.52768E+03  0.55922E+03  0.67047E+03  0.10625E+04  0.13541E+04
      0.16000  0.32358E+03  0.68205E+03  0.76769E+03  0.94808E+03  0.10284E+04
      0.17000  0.34432E+03  0.52131E+03  0.81468E+03  0.10621E+04  0.12039E+04
      0.18000  0.36708E+03  0.56213E+03  0.81335E+03  0.94184E+03  0.10942E+04
      0.19000  0.35337E+03  0.66270E+03  0.55310E+03  0.91785E+03  0.13639E+04
      0.20000  0.47152E+03  0.72260E+03  0.81344E+03  0.94410E+03  0.11867E+04
      0.21000  0.53439E+03  0.53370E+03  0.73295E+03  0.92406E+03  0.11828E+04
      0.22000  0.46099E+03  0.58200E+03  0.77485E+03  0.85798E+03  0.13089E+04
      0.23000  0.47021E+03  0.71940E+03  0.75370E+03  0.88323E+03  0.13713E+04
      0.24000  0.42591E+03  0.55362E+03  0.73338E+03  0.91885E+03  0.13446E+04
      0.25000  0.38216E+03  0.73647E+03  0.68249E+03  0.10020E+04  0.10886E+04
      0.26000  0.36001E+03  0.62075E+03  0.70788E+03  0.10939E+04  0.12398E+04
      0.27000  0.39417E+03  0.69998E+03  0.67480E+03  0.92692E+03  0.11165E+04
      0.28000  0.43011E+03  0.70800E+03  0.66234E+03  0.91305E+03  0.13863E+04
      0.29000  0.34209E+03  0.57299E+03  0.71347E+03  0.87058E+03  0.13641E+04
      0.30000  0.38165E+03  0.72846E+03  0.68091E+03  0.89301E+03  0.13668E+04
      0.31000  0.33904E+03  0.74046E+03  0.75827E+03  0.10636E+04  0.10567E+04
      0.32000  0.39012E+03  0.86938E+03  0.92060E+03  0.11752E+04  0.12757E+04
      0.33000  0.40529E+03  0.63056E+03  0.76338E+03  0.10763E+04  0.12885E+04
      0.34000  0.37696E+03  0.54255E+03  0.75209E+03  0.91387E+03  0.13689E+04
      0.35000  0.34732E+03  0.57893E+03  0.69654E+03  0.98690E+03  0.14420E+04
      0.36000  0.42579E+03  0.77158E+03  0.87357E+03  0.90884E+03  0.12963E+04
      0.37000  0.30670E+03  0.65284E+03  0.71708E+03  0.11722E+04  0.13653E+04
      0.38000  0.38942E+03  0.67306E+03  0.81020E+03  0.11977E+04  0.13202E+04
      0.39000  0.47949E+03  0.65230E+03  0.74986E+03  0.10735E+04  0.13368E+04
      0.40000  0.42364E+03  0.55193E+03  0.75613E+03  0.10233E+04  0.11586E+04
      0.41000  0.35390E+03  0.70144E+03  0.78139E+03  0.97582E+03  0.13977E+04
      0.42000  0.39483E+03  0.88793E+03  0.82626E+03  0.10643E+04  0.14498E+04
      0.43000  0.44041E+03  0.75891E+03  0.78344E+03  0.97010E+03  0.12930E+04
      0.44000  0.39380E+03  0.75434E+03  0.80055E+03  0.92454E+03  0.12971E+04
      0.45000  0.34791E+03  0.64072E+03  0.59557E+03  0.12685E+04  0.12950E+04
      0.46000  0.35950E+03  0.53275E+03  0.99390E+03  0.91579E+03  0.13311E+04
      0.47000  0.41398E+03  0.78861E+03  0.67914E+03  0.10162E+04  0.14297E+04
      0.48000  0.51809E+03  0.60091E+03  0.86975E+03  0.10666E+04  0.13293E+04
      0.49000  0.42579E+03  0.66728E+03  0.63307E+03  0.99447E+03  0.14604E+04
      0.50000  0.44918E+03  0.78753E+03  0.96855E+03  0.12791E+04  0.13355E+04
      0.51000  0.41116E+03  0.65234E+03  0.82009E+03  0.92118E+03  0.14040E+04
      0.52000  0.48577E+03  0.68273E+03  0.71518E+03  0.11322E+04  0.12548E+04
      0.53000  0.44710E+03  0.72828E+03  0.87263E+03  0.99186E+03  0.14452E+04
      0.54000  0.48128E+03  0.64828E+03  0.74579E+03  0.10283E+04  0.12658E+04
      0.55000  0.46139E+03  0.75756E+03  0.92030E+03  0.10961E+04  0.14931E+04
      0.56000  0.41779E+03  0.67641E+03  0.10288E+04  0.90768E+03  0.12266E+04
      0.57000  0.47856E+03  0.59112E+03  0.75813E+03  0.11518E+04  0.13288E+04
      0.58000  0.29853E+03  0.70995E+03  0.76647E+03  0.11878E+04  0.15143E+04
      0.59000  0.43120E+03  0.68453E+03  0.75377E+03  0.11259E+04  0.13487E+04
      0.60000  0.35565E+03  0.64385E+03  0.10182E+04  0.12169E+04  0.14499E+04
      0.61000  0.40412E+03  0.76401E+03  0.85198E+03  0.10879E+04  0.13385E+04
      0.62000  0.37231E+03  0.71208E+03  0.96776E+03  0.11742E+04  0.15908E+04
      0.63000  0.50357E+03  0.74195E+03  0.92540E+03  0.12897E+04  0.15941E+04
      0.64000  0.45474E+03  0.82125E+03  0.12281E+04  0.12717E+04  0.17184E+04
      0.65000  0.43182E+03  0.76020E+03  0.10136E+04  0.12687E+04  0.16725E+04
      0.66000  0.50522E+03  0.84149E+03  0.95917E+03  0.12127E+04  0.12299E+04
      0.67000  0.41144E+03  0.80528E+03  0.11670E+04  0.12791E+04  0.14870E+04
      0.68000  0.44380E+03  0.79202E+03  0.87011E+03  0.12331E+04  0.16488E+04
      0.69000  0.50072E+03  0.69089E+03  0.95271E+03  0.10514E+04  0.19981E+04
      0.70000  0.44164E+03  0.88047E+03  0.92958E+03  0.13169E+04  0.17074E+04
      0.71000  0.62418E+03  0.91315E+03  0.98961E+03  0.13667E+04  0.17359E+04
      0.72000  0.51204E+03  0.85737E+03  0.12315E+04  0.10436E+04  0.17813E+04
      0.73000  0.49320E+03  0.94774E+03  0.11647E+04  0.13175E+04  0.17026E+04
      0.74000  0.50789E+03  0.96881E+03  0.12728E+04  0.15353E+04  0.17503E+04
      0.75000  0.48404E+03  0.11683E+04  0.97427E+03  0.11477E+04  0.18908E+04
      0.76000  0.57151E+03  0.96280E+03  0.10658E+04  0.12179E+04  0.19104E+04
      0.77000  0.38143E+03  0.95719E+03  0.12988E+04  0.14249E+04  0.17732E+04
      0.78000  0.47329E+03  0.10523E+04  0.11718E+04  0.15462E+04  0.19635E+04
      0.79000  0.56924E+03  0.11196E+04  0.11242E+04  0.12457E+04  0.20765E+04
      0.80000  0.57999E+03  0.84178E+03  0.14096E+04  0.15693E+04  0.20877E+04
      0.81000  0.53230E+03  0.10474E+04  0.11267E+04  0.17376E+04  0.18692E+04
      0.82000  0.61576E+03  0.10587E+04  0.13379E+04  0.14601E+04  0.21627E+04
      0.83000  0.49176E+03  0.10610E+04  0.13637E+04  0.16281E+04  0.21773E+04
      0.84000  0.69946E+03  0.97177E+03  0.12446E+04  0.19098E+04  0.21561E+04
      0.85000  0.67862E+03  0.11385E+04  0.14823E+04  0.14647E+04  0.21455E+04
      0.86000  0.79127E+03  0.13968E+04  0.14891E+04  0.19075E+04  0.26210E+04
      0.87000  0.73548E+03  0.14645E+04  0.13629E+04  0.17084E+04  0.25412E+04
      0.88000  0.68727E+03  0.12394E+04  0.14685E+04  0.20332E+04  0.25828E+04
      0.89000  0.63610E+03  0.14862E+04  0.16883E+04  0.20951E+04  0.24507E+04
      0.90000  0.63596E+03  0.13746E+04  0.16896E+04  0.20559E+04  0.34742E+04
      0.91000  0.87614E+03  0.15600E+04  0.16154E+04  0.23152E+04  0.30541E+04
      0.92000  0.80675E+03  0.15617E+04  0.18783E+04  0.24598E+04  0.30076E+04
      0.93000  0.86553E+03  0.15594E+04  0.19502E+04  0.24067E+04  0.32869E+04
      0.94000  0.11162E+04  0.16972E+04  0.23760E+04  0.26172E+04  0.36136E+04
      0.95000  0.12590E+04  0.22262E+04  0.24251E+04  0.30046E+04  0.39597E+04
      0.96000  0.12393E+04  0.20091E+04  0.22543E+04  0.29374E+04  0.40530E+04
      0.97000  0.11740E+04  0.23996E+04  0.30870E+04  0.35604E+04  0.49926E+04
      0.98000  0.13528E+04  0.28490E+04  0.34034E+04  0.39704E+04  0.53961E+04
      0.99000  0.22541E+04  0.33372E+04  0.44831E+04  0.54403E+04  0.68651E+04
      1.00000  0.48210E+04  0.85832E+04  0.10469E+05  0.12928E+05  0.17616E+05
