     -0.99000  0.17892E+05  0.47144E+02  0.00000E+00  0.00000E+00  0.00000E+00  0.00000E+00  0.00000E+00
     -0.98000  0.71744E+04  0.31056E+02  0.00000E+00  0.00000E+00  0.00000E+00  0.00000E+00  0.00000E+00
     -0.97000  0.57248E+04  0.00000E+00  0.00000E+00  0.00000E+00  0.00000E+00  0.00000E+00  0.00000E+00
     -0.96000  0.46657E+04  0.00000E+00  0.00000E+00  0.00000E+00  0.00000E+00  0.00000E+00  0.00000E+00
     -0.95000  0.42466E+04  0.29495E+02  0.00000E+00  0.00000E+00  0.00000E+00  0.00000E+00  0.00000E+00
     -0.94000  0.39796E+04  0.39285E+02  0.00000E+00  0.00000E+00  0.00000E+00  0.00000E+00  0.00000E+00
     -0.93000  0.34306E+04  0.23747E+02  0.00000E+00  0.00000E+00  0.00000E+00  0.00000E+00  0.00000E+00
     -0.92000  0.30567E+04  0.00000E+00  0.00000E+00  0.00000E+00  0.00000E+00  0.00000E+00  0.00000E+00
     -0.91000  0.29939E+04  0.27128E+00  0.00000E+00  0.00000E+00  0.00000E+00  0.00000E+00  0.00000E+00
     -0.90000  0.28489E+04  0.16700E+01  0.00000E+00  0.00000E+00  0.00000E+00  0.00000E+00  0.00000E+00
     -0.89000  0.26732E+04  0.00000E+00  0.00000E+00  0.00000E+00  0.00000E+00  0.00000E+00  0.00000E+00
     -0.88000  0.24180E+04  0.91707E+01  0.00000E+00  0.00000E+00  0.00000E+00  0.00000E+00  0.00000E+00
     -0.87000  0.23958E+04  0.29386E+02  0.00000E+00  0.00000E+00  0.00000E+00  0.00000E+00  0.00000E+00
     -0.86000  0.26791E+04  0.00000E+00  0.00000E+00  0.00000E+00  0.00000E+00  0.00000E+00  0.00000E+00
     -0.85000  0.26247E+04  0.61075E+01  0.00000E+00  0.00000E+00  0.00000E+00  0.00000E+00  0.00000E+00
     -0.84000  0.24255E+04  0.27079E+01  0.00000E+00  0.00000E+00  0.00000E+00  0.00000E+00  0.00000E+00
     -0.83000  0.23855E+04  0.43360E+01  0.00000E+00  0.00000E+00  0.00000E+00  0.00000E+00  0.00000E+00
     -0.82000  0.22921E+04  0.00000E+00  0.00000E+00  0.00000E+00  0.00000E+00  0.00000E+00  0.00000E+00
     -0.81000  0.22896E+04  0.23271E+02  0.00000E+00  0.00000E+00  0.00000E+00  0.00000E+00  0.00000E+00
     -0.80000  0.20471E+04  0.34767E+01  0.00000E+00  0.00000E+00  0.00000E+00  0.00000E+00  0.00000E+00
     -0.79000  0.18938E+04  0.00000E+00  0.00000E+00  0.00000E+00  0.00000E+00  0.00000E+00  0.00000E+00
     -0.78000  0.20475E+04  0.27678E+01  0.00000E+00  0.00000E+00  0.00000E+00  0.00000E+00  0.00000E+00
     -0.77000  0.18267E+04  0.17310E+01  0.00000E+00  0.00000E+00  0.00000E+00  0.00000E+00  0.00000E+00
     -0.76000  0.20676E+04  0.13674E+02  0.00000E+00  0.00000E+00  0.00000E+00  0.00000E+00  0.00000E+00
     -0.75000  0.17439E+04  0.73342E+01  0.00000E+00  0.00000E+00  0.00000E+00  0.00000E+00  0.00000E+00
     -0.74000  0.16964E+04  0.00000E+00  0.00000E+00  0.00000E+00  0.00000E+00  0.00000E+00  0.00000E+00
     -0.73000  0.18151E+04  0.45307E+01  0.00000E+00  0.00000E+00  0.00000E+00  0.00000E+00  0.00000E+00
     -0.72000  0.19039E+04  0.00000E+00  0.00000E+00  0.00000E+00  0.00000E+00  0.00000E+00  0.00000E+00
     -0.71000  0.19122E+04  0.29910E+01  0.00000E+00  0.00000E+00  0.00000E+00  0.00000E+00  0.00000E+00
     -0.70000  0.17352E+04  0.42484E+01  0.00000E+00  0.00000E+00  0.00000E+00  0.00000E+00  0.00000E+00
     -0.69000  0.15068E+04  0.00000E+00  0.00000E+00  0.00000E+00  0.00000E+00  0.00000E+00  0.00000E+00
     -0.68000  0.16193E+04  0.00000E+00  0.00000E+00  0.00000E+00  0.00000E+00  0.00000E+00  0.00000E+00
     -0.67000  0.17738E+04  0.96348E+01  0.00000E+00  0.00000E+00  0.00000E+00  0.00000E+00  0.00000E+00
     -0.66000  0.14736E+04  0.00000E+00  0.00000E+00  0.00000E+00  0.00000E+00  0.00000E+00  0.00000E+00
     -0.65000  0.16500E+04  0.91661E+01  0.00000E+00  0.00000E+00  0.00000E+00  0.00000E+00  0.00000E+00
     -0.64000  0.18206E+04  0.25238E+01  0.00000E+00  0.00000E+00  0.00000E+00  0.00000E+00  0.00000E+00
     -0.63000  0.14095E+04  0.69138E+01  0.00000E+00  0.00000E+00  0.00000E+00  0.00000E+00  0.00000E+00
     -0.62000  0.15132E+04  0.35930E+02  0.00000E+00  0.00000E+00  0.00000E+00  0.00000E+00  0.00000E+00
     -0.61000  0.17088E+04  0.36349E+02  0.00000E+00  0.00000E+00  0.00000E+00  0.00000E+00  0.00000E+00
     -0.60000  0.14074E+04  0.00000E+00  0.00000E+00  0.00000E+00  0.00000E+00  0.00000E+00  0.00000E+00
     -0.59000  0.15550E+04  0.00000E+00  0.00000E+00  0.00000E+00  0.00000E+00  0.00000E+00  0.00000E+00
     -0.58000  0.16532E+04  0.90018E+01  0.00000E+00  0.00000E+00  0.00000E+00  0.00000E+00  0.00000E+00
     -0.57000  0.14708E+04  0.00000E+00  0.00000E+00  0.00000E+00  0.00000E+00  0.00000E+00  0.00000E+00
     -0.56000  0.15150E+04  0.00000E+00  0.00000E+00  0.00000E+00  0.00000E+00  0.00000E+00  0.00000E+00
     -0.55000  0.16471E+04  0.00000E+00  0.00000E+00  0.00000E+00  0.00000E+00  0.00000E+00  0.00000E+00
     -0.54000  0.16958E+04  0.62848E+01  0.00000E+00  0.00000E+00  0.00000E+00  0.00000E+00  0.00000E+00
     -0.53000  0.15269E+04  0.36993E+01  0.00000E+00  0.00000E+00  0.00000E+00  0.00000E+00  0.00000E+00
     -0.52000  0.13484E+04  0.51745E+01  0.00000E+00  0.00000E+00  0.00000E+00  0.00000E+00  0.00000E+00
     -0.51000  0.13727E+04  0.00000E+00  0.00000E+00  0.00000E+00  0.00000E+00  0.00000E+00  0.00000E+00
     -0.50000  0.12922E+04  0.00000E+00  0.00000E+00  0.00000E+00  0.00000E+00  0.00000E+00  0.00000E+00
     -0.49000  0.14208E+04  0.00000E+00  0.00000E+00  0.00000E+00  0.00000E+00  0.00000E+00  0.00000E+00
     -0.48000  0.14869E+04  0.00000E+00  0.00000E+00  0.00000E+00  0.00000E+00  0.00000E+00  0.00000E+00
     -0.47000  0.14761E+04  0.00000E+00  0.00000E+00  0.00000E+00  0.00000E+00  0.00000E+00  0.00000E+00
     -0.46000  0.12444E+04  0.55889E+00  0.00000E+00  0.00000E+00  0.00000E+00  0.00000E+00  0.00000E+00
     -0.45000  0.15228E+04  0.95503E+01  0.00000E+00  0.00000E+00  0.00000E+00  0.00000E+00  0.00000E+00
     -0.44000  0.15898E+04  0.57907E+00  0.00000E+00  0.00000E+00  0.00000E+00  0.00000E+00  0.00000E+00
     -0.43000  0.13505E+04  0.85264E+01  0.00000E+00  0.00000E+00  0.00000E+00  0.00000E+00  0.00000E+00
     -0.42000  0.14574E+04  0.00000E+00  0.00000E+00  0.00000E+00  0.00000E+00  0.00000E+00  0.00000E+00
     -0.41000  0.13985E+04  0.00000E+00  0.00000E+00  0.00000E+00  0.00000E+00  0.00000E+00  0.00000E+00
     -0.40000  0.13576E+04  0.39172E+01  0.00000E+00  0.00000E+00  0.00000E+00  0.00000E+00  0.00000E+00
     -0.39000  0.12395E+04  0.00000E+00  0.00000E+00  0.00000E+00  0.00000E+00  0.00000E+00  0.00000E+00
     -0.38000  0.11931E+04  0.00000E+00  0.00000E+00  0.00000E+00  0.00000E+00  0.00000E+00  0.00000E+00
     -0.37000  0.13014E+04  0.00000E+00  0.00000E+00  0.00000E+00  0.00000E+00  0.00000E+00  0.00000E+00
     -0.36000  0.13837E+04  0.00000E+00  0.00000E+00  0.00000E+00  0.00000E+00  0.00000E+00  0.00000E+00
     -0.35000  0.14116E+04  0.00000E+00  0.00000E+00  0.00000E+00  0.00000E+00  0.00000E+00  0.00000E+00
     -0.34000  0.13997E+04  0.00000E+00  0.00000E+00  0.00000E+00  0.00000E+00  0.00000E+00  0.00000E+00
     -0.33000  0.13245E+04  0.00000E+00  0.00000E+00  0.00000E+00  0.00000E+00  0.00000E+00  0.00000E+00
     -0.32000  0.12700E+04  0.62797E+01  0.00000E+00  0.00000E+00  0.00000E+00  0.00000E+00  0.00000E+00
     -0.31000  0.13064E+04  0.18774E+02  0.00000E+00  0.00000E+00  0.00000E+00  0.00000E+00  0.00000E+00
     -0.30000  0.12043E+04  0.19163E+02  0.00000E+00  0.00000E+00  0.00000E+00  0.00000E+00  0.00000E+00
     -0.29000  0.11083E+04  0.00000E+00  0.00000E+00  0.00000E+00  0.00000E+00  0.00000E+00  0.00000E+00
     -0.28000  0.14442E+04  0.93826E+01  0.00000E+00  0.00000E+00  0.00000E+00  0.00000E+00  0.00000E+00
     -0.27000  0.12656E+04  0.32789E+01  0.00000E+00  0.00000E+00  0.00000E+00  0.00000E+00  0.00000E+00
     -0.26000  0.12539E+04  0.00000E+00  0.00000E+00  0.00000E+00  0.00000E+00  0.00000E+00  0.00000E+00
     -0.25000  0.12218E+04  0.18424E+01  0.00000E+00  0.00000E+00  0.00000E+00  0.00000E+00  0.00000E+00
     -0.24000  0.13786E+04  0.23446E+00  0.00000E+00  0.00000E+00  0.00000E+00  0.00000E+00  0.00000E+00
     -0.23000  0.14154E+04  0.22620E+01  0.00000E+00  0.00000E+00  0.00000E+00  0.00000E+00  0.00000E+00
     -0.22000  0.12755E+04  0.55156E+01  0.00000E+00  0.00000E+00  0.00000E+00  0.00000E+00  0.00000E+00
     -0.21000  0.12928E+04  0.74889E+00  0.00000E+00  0.00000E+00  0.00000E+00  0.00000E+00  0.00000E+00
     -0.20000  0.14520E+04  0.18199E+02  0.00000E+00  0.00000E+00  0.00000E+00  0.00000E+00  0.00000E+00
     -0.19000  0.12398E+04  0.33871E+02  0.00000E+00  0.00000E+00  0.00000E+00  0.00000E+00  0.00000E+00
     -0.18000  0.12416E+04  0.14667E+02  0.00000E+00  0.00000E+00  0.00000E+00  0.00000E+00  0.00000E+00
     -0.17000  0.10553E+04  0.39009E+01  0.00000E+00  0.00000E+00  0.00000E+00  0.00000E+00  0.00000E+00
     -0.16000  0.11652E+04  0.11173E+02  0.00000E+00  0.00000E+00  0.00000E+00  0.00000E+00  0.00000E+00
     -0.15000  0.10328E+04  0.15093E+02  0.00000E+00  0.00000E+00  0.00000E+00  0.00000E+00  0.00000E+00
     -0.14000  0.10015E+04  0.00000E+00  0.00000E+00  0.00000E+00  0.00000E+00  0.00000E+00  0.00000E+00
     -0.13000  0.10215E+04  0.55145E+01  0.00000E+00  0.00000E+00  0.00000E+00  0.00000E+00  0.00000E+00
     -0.12000  0.11117E+04  0.00000E+00  0.00000E+00  0.00000E+00  0.00000E+00  0.00000E+00  0.00000E+00
     -0.11000  0.13269E+04  0.00000E+00  0.00000E+00  0.00000E+00  0.00000E+00  0.00000E+00  0.00000E+00
     -0.10000  0.11999E+04  0.00000E+00  0.00000E+00  0.00000E+00  0.00000E+00  0.00000E+00  0.00000E+00
     -0.09000  0.13140E+04  0.00000E+00  0.00000E+00  0.00000E+00  0.00000E+00  0.00000E+00  0.00000E+00
     -0.08000  0.12028E+04  0.00000E+00  0.00000E+00  0.00000E+00  0.00000E+00  0.00000E+00  0.00000E+00
     -0.07000  0.13091E+04  0.00000E+00  0.00000E+00  0.00000E+00  0.00000E+00  0.00000E+00  0.00000E+00
     -0.06000  0.15150E+04  0.00000E+00  0.00000E+00  0.00000E+00  0.00000E+00  0.00000E+00  0.00000E+00
     -0.05000  0.11968E+04  0.27781E+01  0.00000E+00  0.00000E+00  0.00000E+00  0.00000E+00  0.00000E+00
     -0.04000  0.13600E+04  0.00000E+00  0.00000E+00  0.00000E+00  0.00000E+00  0.00000E+00  0.00000E+00
     -0.03000  0.13827E+04  0.00000E+00  0.00000E+00  0.00000E+00  0.00000E+00  0.00000E+00  0.00000E+00
     -0.02000  0.12449E+04  0.00000E+00  0.00000E+00  0.00000E+00  0.00000E+00  0.00000E+00  0.00000E+00
     -0.01000  0.13078E+04  0.70158E+01  0.00000E+00  0.00000E+00  0.00000E+00  0.00000E+00  0.00000E+00
      0.00000  0.11488E+04  0.11113E+02  0.00000E+00  0.00000E+00  0.00000E+00  0.00000E+00  0.00000E+00
      0.01000  0.11773E+04  0.91142E+01  0.00000E+00  0.00000E+00  0.00000E+00  0.00000E+00  0.00000E+00
      0.02000  0.12822E+04  0.00000E+00  0.00000E+00  0.00000E+00  0.00000E+00  0.00000E+00  0.00000E+00
      0.03000  0.10467E+04  0.00000E+00  0.00000E+00  0.00000E+00  0.00000E+00  0.00000E+00  0.00000E+00
      0.04000  0.12939E+04  0.12537E+02  0.00000E+00  0.00000E+00  0.00000E+00  0.00000E+00  0.00000E+00
      0.05000  0.12623E+04  0.00000E+00  0.00000E+00  0.00000E+00  0.00000E+00  0.00000E+00  0.00000E+00
      0.06000  0.12086E+04  0.00000E+00  0.00000E+00  0.00000E+00  0.00000E+00  0.00000E+00  0.00000E+00
      0.07000  0.12506E+04  0.00000E+00  0.00000E+00  0.00000E+00  0.00000E+00  0.00000E+00  0.00000E+00
      0.08000  0.10881E+04  0.10374E+02  0.00000E+00  0.00000E+00  0.00000E+00  0.00000E+00  0.00000E+00
      0.09000  0.11951E+04  0.81683E+01  0.00000E+00  0.00000E+00  0.00000E+00  0.00000E+00  0.00000E+00
      0.10000  0.11636E+04  0.17836E+02  0.00000E+00  0.00000E+00  0.00000E+00  0.00000E+00  0.00000E+00
      0.11000  0.12992E+04  0.00000E+00  0.00000E+00  0.00000E+00  0.00000E+00  0.00000E+00  0.00000E+00
      0.12000  0.12132E+04  0.00000E+00  0.00000E+00  0.00000E+00  0.00000E+00  0.00000E+00  0.00000E+00
      0.13000  0.11291E+04  0.00000E+00  0.00000E+00  0.00000E+00  0.00000E+00  0.00000E+00  0.00000E+00
      0.14000  0.11562E+04  0.00000E+00  0.00000E+00  0.00000E+00  0.00000E+00  0.00000E+00  0.00000E+00
      0.15000  0.13541E+04  0.22370E+02  0.00000E+00  0.00000E+00  0.00000E+00  0.00000E+00  0.00000E+00
      0.16000  0.10284E+04  0.43264E+01  0.00000E+00  0.00000E+00  0.00000E+00  0.00000E+00  0.00000E+00
      0.17000  0.12039E+04  0.76154E+01  0.00000E+00  0.00000E+00  0.00000E+00  0.00000E+00  0.00000E+00
      0.18000  0.10942E+04  0.80727E+01  0.00000E+00  0.00000E+00  0.00000E+00  0.00000E+00  0.00000E+00
      0.19000  0.13639E+04  0.00000E+00  0.00000E+00  0.00000E+00  0.00000E+00  0.00000E+00  0.00000E+00
      0.20000  0.11867E+04  0.00000E+00  0.00000E+00  0.00000E+00  0.00000E+00  0.00000E+00  0.00000E+00
      0.21000  0.11828E+04  0.00000E+00  0.00000E+00  0.00000E+00  0.00000E+00  0.00000E+00  0.00000E+00
      0.22000  0.13089E+04  0.35282E+01  0.00000E+00  0.00000E+00  0.00000E+00  0.00000E+00  0.00000E+00
      0.23000  0.13713E+04  0.23381E+01  0.00000E+00  0.00000E+00  0.00000E+00  0.00000E+00  0.00000E+00
      0.24000  0.13446E+04  0.00000E+00  0.00000E+00  0.00000E+00  0.00000E+00  0.00000E+00  0.00000E+00
      0.25000  0.10886E+04  0.43494E+01  0.00000E+00  0.00000E+00  0.00000E+00  0.00000E+00  0.00000E+00
      0.26000  0.12398E+04  0.00000E+00  0.00000E+00  0.00000E+00  0.00000E+00  0.00000E+00  0.00000E+00
      0.27000  0.11165E+04  0.00000E+00  0.00000E+00  0.00000E+00  0.00000E+00  0.00000E+00  0.00000E+00
      0.28000  0.13863E+04  0.51131E+01  0.00000E+00  0.00000E+00  0.00000E+00  0.00000E+00  0.00000E+00
      0.29000  0.13641E+04  0.88718E+01  0.00000E+00  0.00000E+00  0.00000E+00  0.00000E+00  0.00000E+00
      0.30000  0.13668E+04  0.52505E+01  0.00000E+00  0.00000E+00  0.00000E+00  0.00000E+00  0.00000E+00
      0.31000  0.10567E+04  0.00000E+00  0.00000E+00  0.00000E+00  0.00000E+00  0.00000E+00  0.00000E+00
      0.32000  0.12757E+04  0.00000E+00  0.00000E+00  0.00000E+00  0.00000E+00  0.00000E+00  0.00000E+00
      0.33000  0.12885E+04  0.00000E+00  0.00000E+00  0.00000E+00  0.00000E+00  0.00000E+00  0.00000E+00
      0.34000  0.13689E+04  0.51610E+01  0.00000E+00  0.00000E+00  0.00000E+00  0.00000E+00  0.00000E+00
      0.35000  0.14420E+04  0.39092E+01  0.00000E+00  0.00000E+00  0.00000E+00  0.00000E+00  0.00000E+00
      0.36000  0.12963E+04  0.00000E+00  0.00000E+00  0.00000E+00  0.00000E+00  0.00000E+00  0.00000E+00
      0.37000  0.13653E+04  0.00000E+00  0.00000E+00  0.00000E+00  0.00000E+00  0.00000E+00  0.00000E+00
      0.38000  0.13202E+04  0.00000E+00  0.00000E+00  0.00000E+00  0.00000E+00  0.00000E+00  0.00000E+00
      0.39000  0.13368E+04  0.00000E+00  0.00000E+00  0.00000E+00  0.00000E+00  0.00000E+00  0.00000E+00
      0.40000  0.11586E+04  0.17518E+02  0.00000E+00  0.00000E+00  0.00000E+00  0.00000E+00  0.00000E+00
      0.41000  0.13977E+04  0.13899E+01  0.00000E+00  0.00000E+00  0.00000E+00  0.00000E+00  0.00000E+00
      0.42000  0.14498E+04  0.00000E+00  0.00000E+00  0.00000E+00  0.00000E+00  0.00000E+00  0.00000E+00
      0.43000  0.12930E+04  0.30233E+02  0.00000E+00  0.00000E+00  0.00000E+00  0.00000E+00  0.00000E+00
      0.44000  0.12971E+04  0.00000E+00  0.00000E+00  0.00000E+00  0.00000E+00  0.00000E+00  0.00000E+00
      0.45000  0.12950E+04  0.00000E+00  0.00000E+00  0.00000E+00  0.00000E+00  0.00000E+00  0.00000E+00
      0.46000  0.13311E+04  0.00000E+00  0.00000E+00  0.00000E+00  0.00000E+00  0.00000E+00  0.00000E+00
      0.47000  0.14297E+04  0.00000E+00  0.00000E+00  0.00000E+00  0.00000E+00  0.00000E+00  0.00000E+00
      0.48000  0.13293E+04  0.00000E+00  0.00000E+00  0.00000E+00  0.00000E+00  0.00000E+00  0.00000E+00
      0.49000  0.14604E+04  0.00000E+00  0.00000E+00  0.00000E+00  0.00000E+00  0.00000E+00  0.00000E+00
      0.50000  0.13355E+04  0.00000E+00  0.00000E+00  0.00000E+00  0.00000E+00  0.00000E+00  0.00000E+00
      0.51000  0.14040E+04  0.00000E+00  0.00000E+00  0.00000E+00  0.00000E+00  0.00000E+00  0.00000E+00
      0.52000  0.12548E+04  0.00000E+00  0.00000E+00  0.00000E+00  0.00000E+00  0.00000E+00  0.00000E+00
      0.53000  0.14452E+04  0.00000E+00  0.00000E+00  0.00000E+00  0.00000E+00  0.00000E+00  0.00000E+00
      0.54000  0.12658E+04  0.12969E+02  0.00000E+00  0.00000E+00  0.00000E+00  0.00000E+00  0.00000E+00
      0.55000  0.14931E+04  0.46644E+00  0.00000E+00  0.00000E+00  0.00000E+00  0.00000E+00  0.00000E+00
      0.56000  0.12266E+04  0.63087E+00  0.00000E+00  0.00000E+00  0.00000E+00  0.00000E+00  0.00000E+00
      0.57000  0.13288E+04  0.15240E+02  0.00000E+00  0.00000E+00  0.00000E+00  0.00000E+00  0.00000E+00
      0.58000  0.15143E+04  0.12594E+02  0.00000E+00  0.00000E+00  0.00000E+00  0.00000E+00  0.00000E+00
      0.59000  0.13487E+04  0.00000E+00  0.00000E+00  0.00000E+00  0.00000E+00  0.00000E+00  0.00000E+00
      0.60000  0.14499E+04  0.12012E+02  0.00000E+00  0.00000E+00  0.00000E+00  0.00000E+00  0.00000E+00
      0.61000  0.13385E+04  0.16310E+02  0.00000E+00  0.00000E+00  0.00000E+00  0.00000E+00  0.00000E+00
      0.62000  0.15908E+04  0.00000E+00  0.00000E+00  0.00000E+00  0.00000E+00  0.00000E+00  0.00000E+00
      0.63000  0.15941E+04  0.97796E+01  0.00000E+00  0.00000E+00  0.00000E+00  0.00000E+00  0.00000E+00
      0.64000  0.17184E+04  0.12680E+01  0.00000E+00  0.00000E+00  0.00000E+00  0.00000E+00  0.00000E+00
      0.65000  0.16725E+04  0.00000E+00  0.00000E+00  0.00000E+00  0.00000E+00  0.00000E+00  0.00000E+00
      0.66000  0.12299E+04  0.00000E+00  0.00000E+00  0.00000E+00  0.00000E+00  0.00000E+00  0.00000E+00
      0.67000  0.14870E+04  0.00000E+00  0.00000E+00  0.00000E+00  0.00000E+00  0.00000E+00  0.00000E+00
      0.68000  0.16488E+04  0.11968E+01  0.00000E+00  0.00000E+00  0.00000E+00  0.00000E+00  0.00000E+00
      0.69000  0.19981E+04  0.13317E+02  0.00000E+00  0.00000E+00  0.00000E+00  0.00000E+00  0.00000E+00
      0.70000  0.17074E+04  0.64537E+00  0.00000E+00  0.00000E+00  0.00000E+00  0.00000E+00  0.00000E+00
      0.71000  0.17359E+04  0.19830E+02  0.00000E+00  0.00000E+00  0.00000E+00  0.00000E+00  0.00000E+00
      0.72000  0.17813E+04  0.15861E+01  0.00000E+00  0.00000E+00  0.00000E+00  0.00000E+00  0.00000E+00
      0.73000  0.17026E+04  0.39007E+02  0.00000E+00  0.00000E+00  0.00000E+00  0.00000E+00  0.00000E+00
      0.74000  0.17503E+04  0.66551E+01  0.00000E+00  0.00000E+00  0.00000E+00  0.00000E+00  0.00000E+00
      0.75000  0.18908E+04  0.00000E+00  0.00000E+00  0.00000E+00  0.00000E+00  0.00000E+00  0.00000E+00
      0.76000  0.19104E+04  0.00000E+00  0.00000E+00  0.00000E+00  0.00000E+00  0.00000E+00  0.00000E+00
      0.77000  0.17732E+04  0.00000E+00  0.00000E+00  0.00000E+00  0.00000E+00  0.00000E+00  0.00000E+00
      0.78000  0.19635E+04  0.23295E+01  0.00000E+00  0.00000E+00  0.00000E+00  0.00000E+00  0.00000E+00
      0.79000  0.20765E+04  0.00000E+00  0.00000E+00  0.00000E+00  0.00000E+00  0.00000E+00  0.00000E+00
      0.80000  0.20877E+04  0.67875E+01  0.00000E+00  0.00000E+00  0.00000E+00  0.00000E+00  0.00000E+00
      0.81000  0.18692E+04  0.00000E+00  0.00000E+00  0.00000E+00  0.00000E+00  0.00000E+00  0.00000E+00
      0.82000  0.21627E+04  0.27340E+01  0.00000E+00  0.00000E+00  0.00000E+00  0.00000E+00  0.00000E+00
      0.83000  0.21773E+04  0.00000E+00  0.00000E+00  0.00000E+00  0.00000E+00  0.00000E+00  0.00000E+00
      0.84000  0.21561E+04  0.24250E+01  0.00000E+00  0.00000E+00  0.00000E+00  0.00000E+00  0.00000E+00
      0.85000  0.21455E+04  0.10480E+01  0.00000E+00  0.00000E+00  0.00000E+00  0.00000E+00  0.00000E+00
      0.86000  0.26210E+04  0.00000E+00  0.00000E+00  0.00000E+00  0.00000E+00  0.00000E+00  0.00000E+00
      0.87000  0.25412E+04  0.00000E+00  0.00000E+00  0.00000E+00  0.00000E+00  0.00000E+00  0.00000E+00
      0.88000  0.25828E+04  0.70980E+01  0.00000E+00  0.00000E+00  0.00000E+00  0.00000E+00  0.00000E+00
      0.89000  0.24507E+04  0.34120E+02  0.00000E+00  0.00000E+00  0.00000E+00  0.00000E+00  0.00000E+00
      0.90000  0.34742E+04  0.65636E+01  0.00000E+00  0.00000E+00  0.00000E+00  0.00000E+00  0.00000E+00
      0.91000  0.30541E+04  0.25737E+01  0.00000E+00  0.00000E+00  0.00000E+00  0.00000E+00  0.00000E+00
      0.92000  0.30076E+04  0.17862E+02  0.00000E+00  0.00000E+00  0.00000E+00  0.00000E+00  0.00000E+00
      0.93000  0.32869E+04  0.23060E+02  0.00000E+00  0.00000E+00  0.00000E+00  0.00000E+00  0.00000E+00
      0.94000  0.36136E+04  0.40370E+01  0.00000E+00  0.00000E+00  0.00000E+00  0.00000E+00  0.00000E+00
      0.95000  0.39597E+04  0.13873E+02  0.00000E+00  0.00000E+00  0.00000E+00  0.00000E+00  0.00000E+00
      0.96000  0.40530E+04  0.00000E+00  0.00000E+00  0.00000E+00  0.00000E+00  0.00000E+00  0.00000E+00
      0.97000  0.49926E+04  0.19171E+02  0.00000E+00  0.00000E+00  0.00000E+00  0.00000E+00  0.00000E+00
      0.98000  0.53961E+04  0.19545E+02  0.00000E+00  0.00000E+00  0.00000E+00  0.00000E+00  0.00000E+00
      0.99000  0.68651E+04  0.31493E+02  0.00000E+00  0.00000E+00  0.00000E+00  0.00000E+00  0.00000E+00
      1.00000  0.17616E+05  0.41053E+02  0.00000E+00  0.00000E+00  0.00000E+00  0.00000E+00  0.00000E+00
