     -0.99000  0.60711E+01  0.19320E+02  0.43333E+01  0.27414E+02  0.47144E+02
     -0.98000  0.00000E+00  0.00000E+00  0.28158E+01  0.00000E+00  0.31056E+02
     -0.97000  0.00000E+00  0.00000E+00  0.16561E+02  0.00000E+00  0.00000E+00
     -0.96000  0.00000E+00  0.00000E+00  0.00000E+00  0.00000E+00  0.00000E+00
     -0.95000  0.00000E+00  0.18589E+01  0.00000E+00  0.00000E+00  0.29495E+02
     -0.94000  0.00000E+00  0.00000E+00  0.11214E+02  0.00000E+00  0.39285E+02
     -0.93000  0.00000E+00  0.10070E+02  0.17229E+01  0.11420E+01  0.23747E+02
     -0.92000  0.00000E+00  0.34214E+01  0.19147E+02  0.00000E+00  0.00000E+00
     -0.91000  0.00000E+00  0.00000E+00  0.00000E+00  0.00000E+00  0.27128E+00
     -0.90000  0.00000E+00  0.00000E+00  0.00000E+00  0.00000E+00  0.16700E+01
     -0.89000  0.00000E+00  0.34267E+01  0.00000E+00  0.00000E+00  0.00000E+00
     -0.88000  0.00000E+00  0.00000E+00  0.16185E+02  0.00000E+00  0.91707E+01
     -0.87000  0.00000E+00  0.00000E+00  0.00000E+00  0.11703E+02  0.29386E+02
     -0.86000  0.00000E+00  0.51362E+01  0.00000E+00  0.12833E+02  0.00000E+00
     -0.85000  0.00000E+00  0.84137E+01  0.00000E+00  0.00000E+00  0.61075E+01
     -0.84000  0.00000E+00  0.00000E+00  0.00000E+00  0.00000E+00  0.27079E+01
     -0.83000  0.00000E+00  0.00000E+00  0.00000E+00  0.00000E+00  0.43360E+01
     -0.82000  0.00000E+00  0.00000E+00  0.00000E+00  0.00000E+00  0.00000E+00
     -0.81000  0.00000E+00  0.00000E+00  0.00000E+00  0.00000E+00  0.23271E+02
     -0.80000  0.00000E+00  0.00000E+00  0.00000E+00  0.00000E+00  0.34767E+01
     -0.79000  0.00000E+00  0.79796E+01  0.00000E+00  0.78340E+01  0.00000E+00
     -0.78000  0.00000E+00  0.84464E+01  0.00000E+00  0.00000E+00  0.27678E+01
     -0.77000  0.00000E+00  0.23599E+01  0.00000E+00  0.00000E+00  0.17310E+01
     -0.76000  0.00000E+00  0.00000E+00  0.00000E+00  0.00000E+00  0.13674E+02
     -0.75000  0.00000E+00  0.45652E+01  0.00000E+00  0.00000E+00  0.73342E+01
     -0.74000  0.00000E+00  0.00000E+00  0.47968E+00  0.16105E+01  0.00000E+00
     -0.73000  0.00000E+00  0.00000E+00  0.00000E+00  0.00000E+00  0.45307E+01
     -0.72000  0.00000E+00  0.38214E+00  0.13136E+02  0.00000E+00  0.00000E+00
     -0.71000  0.00000E+00  0.00000E+00  0.00000E+00  0.00000E+00  0.29910E+01
     -0.70000  0.00000E+00  0.00000E+00  0.00000E+00  0.61367E+01  0.42484E+01
     -0.69000  0.00000E+00  0.00000E+00  0.00000E+00  0.00000E+00  0.00000E+00
     -0.68000  0.00000E+00  0.22249E+01  0.00000E+00  0.00000E+00  0.00000E+00
     -0.67000  0.00000E+00  0.15617E+02  0.37208E+01  0.00000E+00  0.96348E+01
     -0.66000  0.00000E+00  0.00000E+00  0.00000E+00  0.00000E+00  0.00000E+00
     -0.65000  0.00000E+00  0.00000E+00  0.79935E+01  0.00000E+00  0.91661E+01
     -0.64000  0.00000E+00  0.00000E+00  0.00000E+00  0.00000E+00  0.25238E+01
     -0.63000  0.00000E+00  0.47092E+01  0.00000E+00  0.00000E+00  0.69138E+01
     -0.62000  0.00000E+00  0.82274E+01  0.00000E+00  0.00000E+00  0.35930E+02
     -0.61000  0.00000E+00  0.00000E+00  0.00000E+00  0.00000E+00  0.36349E+02
     -0.60000  0.00000E+00  0.00000E+00  0.00000E+00  0.16603E+02  0.00000E+00
     -0.59000  0.00000E+00  0.00000E+00  0.28057E+02  0.43139E+01  0.00000E+00
     -0.58000  0.00000E+00  0.00000E+00  0.16610E+02  0.00000E+00  0.90018E+01
     -0.57000  0.00000E+00  0.44158E+01  0.36017E+01  0.81726E+01  0.00000E+00
     -0.56000  0.00000E+00  0.00000E+00  0.00000E+00  0.40746E+01  0.00000E+00
     -0.55000  0.00000E+00  0.00000E+00  0.00000E+00  0.00000E+00  0.00000E+00
     -0.54000  0.00000E+00  0.00000E+00  0.00000E+00  0.00000E+00  0.62848E+01
     -0.53000  0.00000E+00  0.00000E+00  0.00000E+00  0.00000E+00  0.36993E+01
     -0.52000  0.00000E+00  0.61021E+01  0.00000E+00  0.00000E+00  0.51745E+01
     -0.51000  0.00000E+00  0.00000E+00  0.00000E+00  0.00000E+00  0.00000E+00
     -0.50000  0.00000E+00  0.00000E+00  0.00000E+00  0.00000E+00  0.00000E+00
     -0.49000  0.00000E+00  0.00000E+00  0.11429E+02  0.42385E+01  0.00000E+00
     -0.48000  0.00000E+00  0.00000E+00  0.95004E+00  0.00000E+00  0.00000E+00
     -0.47000  0.00000E+00  0.00000E+00  0.00000E+00  0.00000E+00  0.00000E+00
     -0.46000  0.00000E+00  0.43679E+01  0.00000E+00  0.00000E+00  0.55889E+00
     -0.45000  0.00000E+00  0.00000E+00  0.10500E+02  0.00000E+00  0.95503E+01
     -0.44000  0.68284E+01  0.00000E+00  0.00000E+00  0.00000E+00  0.57907E+00
     -0.43000  0.00000E+00  0.00000E+00  0.22376E+02  0.16706E+02  0.85264E+01
     -0.42000  0.00000E+00  0.00000E+00  0.53098E+01  0.00000E+00  0.00000E+00
     -0.41000  0.00000E+00  0.00000E+00  0.00000E+00  0.00000E+00  0.00000E+00
     -0.40000  0.00000E+00  0.00000E+00  0.13716E+01  0.00000E+00  0.39172E+01
     -0.39000  0.76021E+00  0.71309E+01  0.00000E+00  0.57588E+01  0.00000E+00
     -0.38000  0.00000E+00  0.00000E+00  0.00000E+00  0.00000E+00  0.00000E+00
     -0.37000  0.00000E+00  0.00000E+00  0.00000E+00  0.00000E+00  0.00000E+00
     -0.36000  0.00000E+00  0.00000E+00  0.00000E+00  0.00000E+00  0.00000E+00
     -0.35000  0.00000E+00  0.00000E+00  0.00000E+00  0.36904E+01  0.00000E+00
     -0.34000  0.00000E+00  0.00000E+00  0.00000E+00  0.00000E+00  0.00000E+00
     -0.33000  0.00000E+00  0.19619E+02  0.27165E+01  0.00000E+00  0.00000E+00
     -0.32000  0.38257E+00  0.84083E+00  0.00000E+00  0.00000E+00  0.62797E+01
     -0.31000  0.00000E+00  0.00000E+00  0.00000E+00  0.13230E+02  0.18774E+02
     -0.30000  0.00000E+00  0.00000E+00  0.00000E+00  0.00000E+00  0.19163E+02
     -0.29000  0.00000E+00  0.00000E+00  0.00000E+00  0.00000E+00  0.00000E+00
     -0.28000  0.00000E+00  0.40649E+01  0.00000E+00  0.00000E+00  0.93826E+01
     -0.27000  0.00000E+00  0.00000E+00  0.00000E+00  0.00000E+00  0.32789E+01
     -0.26000  0.00000E+00  0.00000E+00  0.00000E+00  0.52032E+01  0.00000E+00
     -0.25000  0.00000E+00  0.67288E+00  0.00000E+00  0.00000E+00  0.18424E+01
     -0.24000  0.00000E+00  0.00000E+00  0.00000E+00  0.00000E+00  0.23446E+00
     -0.23000  0.00000E+00  0.00000E+00  0.00000E+00  0.00000E+00  0.22620E+01
     -0.22000  0.00000E+00  0.00000E+00  0.00000E+00  0.67150E+01  0.55156E+01
     -0.21000  0.00000E+00  0.00000E+00  0.12088E+02  0.00000E+00  0.74889E+00
     -0.20000  0.00000E+00  0.00000E+00  0.00000E+00  0.00000E+00  0.18199E+02
     -0.19000  0.00000E+00  0.00000E+00  0.39557E+01  0.11278E+02  0.33871E+02
     -0.18000  0.00000E+00  0.00000E+00  0.00000E+00  0.00000E+00  0.14667E+02
     -0.17000  0.00000E+00  0.00000E+00  0.00000E+00  0.00000E+00  0.39009E+01
     -0.16000  0.00000E+00  0.67655E+01  0.00000E+00  0.00000E+00  0.11173E+02
     -0.15000  0.14167E+02  0.00000E+00  0.00000E+00  0.00000E+00  0.15093E+02
     -0.14000  0.00000E+00  0.00000E+00  0.85512E+01  0.00000E+00  0.00000E+00
     -0.13000  0.00000E+00  0.00000E+00  0.00000E+00  0.00000E+00  0.55145E+01
     -0.12000  0.00000E+00  0.10552E+02  0.00000E+00  0.21017E+02  0.00000E+00
     -0.11000  0.00000E+00  0.00000E+00  0.00000E+00  0.38985E+01  0.00000E+00
     -0.10000  0.00000E+00  0.79660E+01  0.00000E+00  0.00000E+00  0.00000E+00
     -0.09000  0.13706E+02  0.00000E+00  0.00000E+00  0.00000E+00  0.00000E+00
     -0.08000  0.00000E+00  0.00000E+00  0.00000E+00  0.00000E+00  0.00000E+00
     -0.07000  0.00000E+00  0.00000E+00  0.00000E+00  0.00000E+00  0.00000E+00
     -0.06000  0.00000E+00  0.00000E+00  0.00000E+00  0.00000E+00  0.00000E+00
     -0.05000  0.82694E+00  0.00000E+00  0.00000E+00  0.41404E+01  0.27781E+01
     -0.04000  0.42019E+01  0.00000E+00  0.61509E+01  0.00000E+00  0.00000E+00
     -0.03000  0.00000E+00  0.28781E+00  0.00000E+00  0.00000E+00  0.00000E+00
     -0.02000  0.00000E+00  0.00000E+00  0.00000E+00  0.00000E+00  0.00000E+00
     -0.01000  0.00000E+00  0.00000E+00  0.00000E+00  0.19309E+01  0.70158E+01
      0.00000  0.00000E+00  0.00000E+00  0.00000E+00  0.00000E+00  0.11113E+02
      0.01000  0.00000E+00  0.00000E+00  0.00000E+00  0.10567E+02  0.91142E+01
      0.02000  0.00000E+00  0.00000E+00  0.00000E+00  0.19307E+01  0.00000E+00
      0.03000  0.00000E+00  0.00000E+00  0.00000E+00  0.00000E+00  0.00000E+00
      0.04000  0.00000E+00  0.00000E+00  0.00000E+00  0.00000E+00  0.12537E+02
      0.05000  0.00000E+00  0.00000E+00  0.00000E+00  0.00000E+00  0.00000E+00
      0.06000  0.00000E+00  0.00000E+00  0.00000E+00  0.00000E+00  0.00000E+00
      0.07000  0.00000E+00  0.00000E+00  0.00000E+00  0.00000E+00  0.00000E+00
      0.08000  0.00000E+00  0.00000E+00  0.00000E+00  0.00000E+00  0.10374E+02
      0.09000  0.00000E+00  0.00000E+00  0.00000E+00  0.00000E+00  0.81683E+01
      0.10000  0.00000E+00  0.00000E+00  0.00000E+00  0.62576E-01  0.17836E+02
      0.11000  0.00000E+00  0.00000E+00  0.00000E+00  0.69155E+01  0.00000E+00
      0.12000  0.00000E+00  0.00000E+00  0.00000E+00  0.00000E+00  0.00000E+00
      0.13000  0.00000E+00  0.40653E+01  0.00000E+00  0.00000E+00  0.00000E+00
      0.14000  0.00000E+00  0.00000E+00  0.00000E+00  0.00000E+00  0.00000E+00
      0.15000  0.00000E+00  0.00000E+00  0.00000E+00  0.00000E+00  0.22370E+02
      0.16000  0.00000E+00  0.00000E+00  0.00000E+00  0.00000E+00  0.43264E+01
      0.17000  0.00000E+00  0.00000E+00  0.00000E+00  0.00000E+00  0.76154E+01
      0.18000  0.00000E+00  0.00000E+00  0.00000E+00  0.00000E+00  0.80727E+01
      0.19000  0.00000E+00  0.00000E+00  0.00000E+00  0.00000E+00  0.00000E+00
      0.20000  0.00000E+00  0.00000E+00  0.50050E+00  0.00000E+00  0.00000E+00
      0.21000  0.00000E+00  0.00000E+00  0.00000E+00  0.00000E+00  0.00000E+00
      0.22000  0.00000E+00  0.00000E+00  0.00000E+00  0.21193E+01  0.35282E+01
      0.23000  0.00000E+00  0.13763E+01  0.12063E+01  0.00000E+00  0.23381E+01
      0.24000  0.00000E+00  0.00000E+00  0.00000E+00  0.00000E+00  0.00000E+00
      0.25000  0.00000E+00  0.00000E+00  0.00000E+00  0.00000E+00  0.43494E+01
      0.26000  0.00000E+00  0.00000E+00  0.00000E+00  0.00000E+00  0.00000E+00
      0.27000  0.00000E+00  0.00000E+00  0.00000E+00  0.00000E+00  0.00000E+00
      0.28000  0.00000E+00  0.00000E+00  0.00000E+00  0.11254E+01  0.51131E+01
      0.29000  0.00000E+00  0.00000E+00  0.00000E+00  0.00000E+00  0.88718E+01
      0.30000  0.00000E+00  0.00000E+00  0.00000E+00  0.00000E+00  0.52505E+01
      0.31000  0.00000E+00  0.00000E+00  0.00000E+00  0.00000E+00  0.00000E+00
      0.32000  0.00000E+00  0.00000E+00  0.37970E+02  0.00000E+00  0.00000E+00
      0.33000  0.00000E+00  0.00000E+00  0.00000E+00  0.00000E+00  0.00000E+00
      0.34000  0.00000E+00  0.00000E+00  0.14046E+02  0.00000E+00  0.51610E+01
      0.35000  0.00000E+00  0.00000E+00  0.00000E+00  0.00000E+00  0.39092E+01
      0.36000  0.00000E+00  0.00000E+00  0.00000E+00  0.00000E+00  0.00000E+00
      0.37000  0.00000E+00  0.80129E+01  0.00000E+00  0.00000E+00  0.00000E+00
      0.38000  0.00000E+00  0.00000E+00  0.00000E+00  0.11488E+02  0.00000E+00
      0.39000  0.00000E+00  0.00000E+00  0.00000E+00  0.00000E+00  0.00000E+00
      0.40000  0.00000E+00  0.00000E+00  0.21983E+01  0.00000E+00  0.17518E+02
      0.41000  0.00000E+00  0.00000E+00  0.00000E+00  0.00000E+00  0.13899E+01
      0.42000  0.49605E+01  0.00000E+00  0.00000E+00  0.00000E+00  0.00000E+00
      0.43000  0.00000E+00  0.00000E+00  0.55211E+00  0.00000E+00  0.30233E+02
      0.44000  0.00000E+00  0.00000E+00  0.00000E+00  0.00000E+00  0.00000E+00
      0.45000  0.00000E+00  0.46499E+01  0.00000E+00  0.13144E+02  0.00000E+00
      0.46000  0.00000E+00  0.00000E+00  0.00000E+00  0.14524E+01  0.00000E+00
      0.47000  0.14093E+01  0.00000E+00  0.00000E+00  0.00000E+00  0.00000E+00
      0.48000  0.00000E+00  0.00000E+00  0.00000E+00  0.00000E+00  0.00000E+00
      0.49000  0.00000E+00  0.00000E+00  0.00000E+00  0.12284E+01  0.00000E+00
      0.50000  0.00000E+00  0.00000E+00  0.00000E+00  0.00000E+00  0.00000E+00
      0.51000  0.00000E+00  0.00000E+00  0.00000E+00  0.00000E+00  0.00000E+00
      0.52000  0.10130E+02  0.00000E+00  0.00000E+00  0.00000E+00  0.00000E+00
      0.53000  0.00000E+00  0.00000E+00  0.00000E+00  0.00000E+00  0.00000E+00
      0.54000  0.00000E+00  0.00000E+00  0.00000E+00  0.00000E+00  0.12969E+02
      0.55000  0.00000E+00  0.00000E+00  0.00000E+00  0.00000E+00  0.46644E+00
      0.56000  0.00000E+00  0.00000E+00  0.00000E+00  0.00000E+00  0.63087E+00
      0.57000  0.00000E+00  0.00000E+00  0.00000E+00  0.00000E+00  0.15240E+02
      0.58000  0.00000E+00  0.00000E+00  0.00000E+00  0.10334E+02  0.12594E+02
      0.59000  0.00000E+00  0.00000E+00  0.00000E+00  0.00000E+00  0.00000E+00
      0.60000  0.00000E+00  0.00000E+00  0.00000E+00  0.00000E+00  0.12012E+02
      0.61000  0.00000E+00  0.00000E+00  0.32078E+01  0.10637E+02  0.16310E+02
      0.62000  0.00000E+00  0.00000E+00  0.00000E+00  0.00000E+00  0.00000E+00
      0.63000  0.00000E+00  0.00000E+00  0.00000E+00  0.00000E+00  0.97796E+01
      0.64000  0.00000E+00  0.00000E+00  0.00000E+00  0.00000E+00  0.12680E+01
      0.65000  0.00000E+00  0.00000E+00  0.76662E+01  0.31365E+01  0.00000E+00
      0.66000  0.00000E+00  0.00000E+00  0.58671E+01  0.00000E+00  0.00000E+00
      0.67000  0.00000E+00  0.00000E+00  0.00000E+00  0.00000E+00  0.00000E+00
      0.68000  0.00000E+00  0.00000E+00  0.00000E+00  0.00000E+00  0.11968E+01
      0.69000  0.00000E+00  0.00000E+00  0.00000E+00  0.00000E+00  0.13317E+02
      0.70000  0.00000E+00  0.00000E+00  0.59596E+01  0.43578E+01  0.64537E+00
      0.71000  0.00000E+00  0.00000E+00  0.00000E+00  0.00000E+00  0.19830E+02
      0.72000  0.00000E+00  0.45097E+01  0.00000E+00  0.00000E+00  0.15861E+01
      0.73000  0.00000E+00  0.22230E+01  0.00000E+00  0.28320E+02  0.39007E+02
      0.74000  0.00000E+00  0.00000E+00  0.00000E+00  0.00000E+00  0.66551E+01
      0.75000  0.00000E+00  0.00000E+00  0.00000E+00  0.00000E+00  0.00000E+00
      0.76000  0.00000E+00  0.00000E+00  0.00000E+00  0.00000E+00  0.00000E+00
      0.77000  0.00000E+00  0.00000E+00  0.12891E+02  0.00000E+00  0.00000E+00
      0.78000  0.00000E+00  0.00000E+00  0.63638E+01  0.00000E+00  0.23295E+01
      0.79000  0.00000E+00  0.36694E+01  0.00000E+00  0.00000E+00  0.00000E+00
      0.80000  0.00000E+00  0.00000E+00  0.00000E+00  0.20454E+01  0.67875E+01
      0.81000  0.00000E+00  0.00000E+00  0.41266E+01  0.71630E+01  0.00000E+00
      0.82000  0.00000E+00  0.00000E+00  0.00000E+00  0.58187E+01  0.27340E+01
      0.83000  0.00000E+00  0.00000E+00  0.00000E+00  0.78493E+01  0.00000E+00
      0.84000  0.00000E+00  0.00000E+00  0.75556E+01  0.00000E+00  0.24250E+01
      0.85000  0.00000E+00  0.65487E+00  0.00000E+00  0.91625E+01  0.10480E+01
      0.86000  0.00000E+00  0.00000E+00  0.19099E+01  0.00000E+00  0.00000E+00
      0.87000  0.00000E+00  0.00000E+00  0.13681E+02  0.00000E+00  0.00000E+00
      0.88000  0.00000E+00  0.00000E+00  0.22238E+02  0.00000E+00  0.70980E+01
      0.89000  0.00000E+00  0.00000E+00  0.00000E+00  0.45374E+01  0.34120E+02
      0.90000  0.00000E+00  0.00000E+00  0.00000E+00  0.00000E+00  0.65636E+01
      0.91000  0.00000E+00  0.00000E+00  0.00000E+00  0.00000E+00  0.25737E+01
      0.92000  0.00000E+00  0.00000E+00  0.00000E+00  0.00000E+00  0.17862E+02
      0.93000  0.00000E+00  0.00000E+00  0.30410E+01  0.33084E+02  0.23060E+02
      0.94000  0.00000E+00  0.00000E+00  0.67047E+01  0.11003E+02  0.40370E+01
      0.95000  0.41381E+01  0.00000E+00  0.71065E+01  0.26130E+02  0.13873E+02
      0.96000  0.16799E+02  0.00000E+00  0.00000E+00  0.00000E+00  0.00000E+00
      0.97000  0.00000E+00  0.00000E+00  0.14682E+02  0.65385E+01  0.19171E+02
      0.98000  0.00000E+00  0.00000E+00  0.37659E+01  0.27938E+01  0.19545E+02
      0.99000  0.55846E+01  0.00000E+00  0.16503E+02  0.00000E+00  0.31493E+02
      1.00000  0.00000E+00  0.21770E+00  0.31929E+02  0.19600E+01  0.41053E+02
