      0.00100  0.23083E+08  0.48672E+07  0.39032E+07  0.32211E+07  0.27681E+07
      0.00200  0.11072E+08  0.70061E+07  0.59258E+07  0.51232E+07  0.44881E+07
      0.00300  0.11418E+08  0.70819E+07  0.63114E+07  0.56623E+07  0.51119E+07
      0.00400  0.22027E+07  0.67197E+07  0.62200E+07  0.57403E+07  0.53066E+07
      0.00500  0.52433E+07  0.62538E+07  0.59434E+07  0.56239E+07  0.52928E+07
      0.00600  0.73858E+07  0.58231E+07  0.56032E+07  0.54134E+07  0.51672E+07
      0.00700  0.13564E+07  0.54044E+07  0.52536E+07  0.51510E+07  0.49967E+07
      0.00800  0.11148E+07  0.50420E+07  0.49325E+07  0.49046E+07  0.48086E+07
      0.00900  0.20410E+06  0.46966E+07  0.46501E+07  0.46640E+07  0.46056E+07
      0.01000  0.57822E+07  0.43468E+07  0.43840E+07  0.44244E+07  0.44141E+07
      0.01100  0.64554E+07  0.40380E+07  0.41387E+07  0.41958E+07  0.42175E+07
      0.01200  0.19749E+07  0.37660E+07  0.39141E+07  0.39885E+07  0.40266E+07
      0.01300  0.13960E+07  0.35115E+07  0.37031E+07  0.37951E+07  0.38481E+07
      0.01400  0.12923E+06  0.32946E+07  0.35098E+07  0.36220E+07  0.36848E+07
      0.01500  0.82049E+06  0.30984E+07  0.33503E+07  0.34516E+07  0.35269E+07
      0.01600  0.32278E+06  0.29208E+07  0.31882E+07  0.33062E+07  0.33957E+07
      0.01700  0.10406E+06  0.27631E+07  0.30472E+07  0.31720E+07  0.32688E+07
      0.01800  0.88737E+05  0.26195E+07  0.29155E+07  0.30435E+07  0.31476E+07
      0.01900  0.96881E+04  0.24914E+07  0.27895E+07  0.29285E+07  0.30344E+07
      0.02000  0.63336E+07  0.23705E+07  0.26536E+07  0.28015E+07  0.29122E+07
      0.02100  0.59874E+07  0.19980E+07  0.22901E+07  0.24804E+07  0.26196E+07
      0.02200  0.10347E+07  0.15055E+07  0.17977E+07  0.20394E+07  0.22225E+07
      0.02300  0.18689E+07  0.11446E+07  0.13880E+07  0.16450E+07  0.18474E+07
      0.02400  0.14552E+06  0.90314E+06  0.10872E+07  0.13183E+07  0.15199E+07
      0.02500  0.11689E+07  0.74471E+06  0.86901E+06  0.10629E+07  0.12592E+07
      0.02600  0.34532E+06  0.63141E+06  0.71144E+06  0.87615E+06  0.10477E+07
      0.02700  0.36668E+05  0.54620E+06  0.59742E+06  0.73087E+06  0.87897E+06
      0.02800  0.11826E+06  0.48623E+06  0.51599E+06  0.61863E+06  0.74531E+06
      0.02900  0.11140E+05  0.42865E+06  0.45372E+06  0.53206E+06  0.64006E+06
      0.03000  0.89015E+06  0.38226E+06  0.40758E+06  0.46356E+06  0.55649E+06
      0.03100  0.32704E+06  0.34502E+06  0.36960E+06  0.41450E+06  0.48927E+06
      0.03200  0.29025E+05  0.31383E+06  0.33820E+06  0.37394E+06  0.43470E+06
      0.03300  0.11439E+06  0.28589E+06  0.31249E+06  0.34044E+06  0.39072E+06
      0.03400  0.91787E+04  0.26110E+06  0.28624E+06  0.31308E+06  0.35377E+06
      0.03500  0.79956E+05  0.24106E+06  0.26708E+06  0.28581E+06  0.32069E+06
      0.03600  0.16848E+05  0.22308E+06  0.24832E+06  0.26515E+06  0.29502E+06
      0.03700  0.24363E+04  0.20979E+06  0.23169E+06  0.24863E+06  0.27371E+06
      0.03800  0.55410E+04  0.19401E+06  0.21782E+06  0.23348E+06  0.25462E+06
      0.03900  0.46420E+03  0.18271E+06  0.20276E+06  0.21867E+06  0.23808E+06
      0.04000  0.64333E+06  0.17074E+06  0.18767E+06  0.20274E+06  0.22031E+06
      0.04100  0.31839E+06  0.13969E+06  0.16395E+06  0.18440E+06  0.20076E+06
      0.04200  0.10043E+06  0.10779E+06  0.13597E+06  0.15923E+06  0.17669E+06
      0.04300  0.55840E+05  0.82730E+05  0.10815E+06  0.13305E+06  0.15559E+06
      0.04400  0.10080E+05  0.63918E+05  0.85435E+05  0.11270E+06  0.13409E+06
      0.04500  0.83100E+05  0.51226E+05  0.68256E+05  0.91755E+05  0.11458E+06
      0.04600  0.21009E+05  0.42933E+05  0.55335E+05  0.74903E+05  0.97126E+05
      0.04700  0.53759E+04  0.36698E+05  0.44713E+05  0.62185E+05  0.82256E+05
      0.04800  0.28015E+04  0.31579E+05  0.37979E+05  0.52449E+05  0.69725E+05
      0.04900  0.63470E+03  0.28578E+05  0.32414E+05  0.43759E+05  0.59540E+05
      0.05000  0.69188E+05  0.24081E+05  0.28470E+05  0.37287E+05  0.51733E+05
      0.05100  0.12946E+05  0.22273E+05  0.25201E+05  0.31878E+05  0.44325E+05
      0.05200  0.70213E+04  0.19855E+05  0.22392E+05  0.28553E+05  0.37904E+05
      0.05300  0.13482E+04  0.17037E+05  0.20283E+05  0.25193E+05  0.34042E+05
      0.05400  0.45311E+03  0.16160E+05  0.19066E+05  0.22394E+05  0.30022E+05
      0.05500  0.54498E+04  0.14707E+05  0.17483E+05  0.20112E+05  0.26384E+05
      0.05600  0.45141E+03  0.13901E+05  0.15607E+05  0.18831E+05  0.23930E+05
      0.05700  0.36345E+03  0.12364E+05  0.14927E+05  0.17547E+05  0.20897E+05
      0.05800  0.66468E+02  0.11539E+05  0.13667E+05  0.15647E+05  0.19037E+05
      0.05900  0.98984E+01  0.10761E+05  0.12391E+05  0.13984E+05  0.17517E+05
      0.06000  0.49458E+05  0.99369E+04  0.11323E+05  0.12780E+05  0.15901E+05
      0.06100  0.10333E+05  0.84685E+04  0.96522E+04  0.11273E+05  0.14101E+05
      0.06200  0.73254E+04  0.61660E+04  0.80144E+04  0.98667E+04  0.12505E+05
      0.06300  0.10519E+04  0.41865E+04  0.63028E+04  0.82961E+04  0.11159E+05
      0.06400  0.18231E+03  0.36883E+04  0.51885E+04  0.71662E+04  0.97465E+04
      0.06500  0.53195E+04  0.32491E+04  0.42406E+04  0.64067E+04  0.82855E+04
      0.06600  0.67974E+03  0.24413E+04  0.35082E+04  0.55819E+04  0.74844E+04
      0.06700  0.48004E+03  0.19595E+04  0.27837E+04  0.44576E+04  0.61763E+04
      0.06800  0.84232E+02  0.19867E+04  0.22901E+04  0.39206E+04  0.53700E+04
      0.06900  0.36260E+01  0.14663E+04  0.20177E+04  0.32072E+04  0.47388E+04
      0.07000  0.39614E+04  0.13420E+04  0.17151E+04  0.25584E+04  0.40858E+04
      0.07100  0.71553E+03  0.13700E+04  0.14828E+04  0.22790E+04  0.35659E+04
      0.07200  0.44353E+03  0.11111E+04  0.15810E+04  0.19548E+04  0.31970E+04
      0.07300  0.98082E+02  0.84525E+03  0.13471E+04  0.16820E+04  0.28589E+04
      0.07400  0.18897E+02  0.94853E+03  0.11401E+04  0.16042E+04  0.24989E+04
      0.07500  0.19515E+03  0.81052E+03  0.97135E+03  0.12712E+04  0.22631E+04
      0.07600  0.10221E+02  0.72165E+03  0.88416E+03  0.11820E+04  0.20394E+04
      0.07700  0.24744E+02  0.61441E+03  0.82663E+03  0.97332E+03  0.18040E+04
      0.07800  0.00000E+00  0.65048E+03  0.79511E+03  0.98914E+03  0.17151E+04
      0.07900  0.10197E+04  0.63620E+03  0.78725E+03  0.77527E+03  0.15209E+04
      0.08000  0.20084E+04  0.62658E+03  0.70922E+03  0.65930E+03  0.14140E+04
      0.08100  0.53262E+03  0.49541E+03  0.53011E+03  0.67932E+03  0.10655E+04
      0.08200  0.50638E+03  0.36599E+03  0.49400E+03  0.59781E+03  0.11242E+04
      0.08300  0.66424E+02  0.26327E+03  0.46816E+03  0.60659E+03  0.96155E+03
      0.08400  0.30658E+03  0.25517E+03  0.41957E+03  0.51478E+03  0.80439E+03
      0.08500  0.77684E+02  0.14766E+03  0.25802E+03  0.39710E+03  0.74151E+03
      0.08600  0.44303E+02  0.11634E+03  0.28748E+03  0.43986E+03  0.64809E+03
      0.08700  0.29154E+02  0.17081E+03  0.19356E+03  0.37942E+03  0.56382E+03
      0.08800  0.30715E+02  0.16722E+03  0.19634E+03  0.36382E+03  0.48126E+03
      0.08900  0.18279E+03  0.86794E+02  0.16861E+03  0.29420E+03  0.46632E+03
      0.09000  0.12408E+03  0.94071E+02  0.18034E+03  0.25873E+03  0.38992E+03
      0.09100  0.19744E+02  0.11051E+03  0.12157E+03  0.22959E+03  0.41014E+03
      0.09200  0.62591E+02  0.38366E+02  0.14589E+03  0.19827E+03  0.40985E+03
      0.09300  0.00000E+00  0.43482E+02  0.81192E+02  0.18230E+03  0.29206E+03
      0.09400  0.11107E+02  0.55409E+02  0.74987E+02  0.90674E+02  0.27598E+03
      0.09500  0.45050E+01  0.43078E+02  0.80820E+02  0.98080E+02  0.27089E+03
      0.09600  0.00000E+00  0.46063E+02  0.80984E+02  0.80307E+02  0.23963E+03
      0.09700  0.00000E+00  0.41833E+02  0.65487E+02  0.83983E+02  0.26337E+03
      0.09800  0.00000E+00  0.16792E+02  0.52159E+02  0.58442E+02  0.18166E+03
      0.09900  0.10617E+03  0.28661E+02  0.43858E+02  0.64725E+02  0.13984E+03
      0.10000  0.58712E+02  0.22607E+02  0.27799E+02  0.47922E+02  0.16155E+03
      0.10100  0.21001E+02  0.18200E+02  0.38341E+02  0.49463E+02  0.13851E+03
      0.10200  0.19436E+02  0.25098E+02  0.14134E+02  0.57868E+02  0.12054E+03
      0.10300  0.00000E+00  0.41583E+02  0.12430E+02  0.36507E+02  0.12242E+03
      0.10400  0.57874E+01  0.14741E+02  0.45434E+02  0.41382E+02  0.80919E+02
      0.10500  0.51073E+00  0.85254E+01  0.34873E+02  0.39451E+02  0.52165E+02
      0.10600  0.00000E+00  0.19039E+02  0.28513E+02  0.33020E+02  0.93914E+02
      0.10700  0.00000E+00  0.15315E+02  0.24530E+02  0.28694E+02  0.55238E+02
      0.10800  0.69331E+01  0.68217E+01  0.28692E+02  0.30053E+02  0.50565E+02
      0.10900  0.16201E+02  0.00000E+00  0.22809E+02  0.23671E+02  0.66708E+02
      0.11000  0.00000E+00  0.91946E+01  0.28827E+02  0.23371E+02  0.43103E+02
      0.11100  0.00000E+00  0.46366E+01  0.31417E+02  0.19234E+02  0.48749E+02
      0.11200  0.17919E+01  0.87268E+00  0.85488E+01  0.92872E+01  0.54395E+02
      0.11300  0.00000E+00  0.50946E+01  0.11277E+02  0.71734E+01  0.45843E+02
      0.11400  0.00000E+00  0.33518E+01  0.36445E+01  0.57309E+00  0.24003E+02
      0.11500  0.00000E+00  0.00000E+00  0.22088E+02  0.00000E+00  0.41718E+02
      0.11600  0.00000E+00  0.00000E+00  0.16139E+02  0.00000E+00  0.23547E+02
      0.11700  0.00000E+00  0.45652E+01  0.17175E+02  0.00000E+00  0.27688E+02
      0.11800  0.00000E+00  0.00000E+00  0.13602E+02  0.00000E+00  0.21132E+02
      0.11900  0.41381E+01  0.00000E+00  0.16905E+02  0.27358E+01  0.10887E+02
      0.12000  0.00000E+00  0.13163E+01  0.36507E+01  0.00000E+00  0.14957E+02
      0.12100  0.00000E+00  0.40615E+01  0.49880E+00  0.53511E+01  0.10359E+02
      0.12200  0.00000E+00  0.12151E+02  0.16330E+01  0.22549E+01  0.11915E+02
      0.12300  0.00000E+00  0.00000E+00  0.24881E+01  0.49949E+01  0.35957E+01
      0.12400  0.00000E+00  0.00000E+00  0.00000E+00  0.29096E+01  0.11575E+02
      0.12500  0.00000E+00  0.34214E+01  0.49437E+00  0.34425E+01  0.47199E+01
      0.12600  0.00000E+00  0.64691E+01  0.82133E+01  0.95861E+00  0.68197E+01
      0.12700  0.00000E+00  0.38649E+01  0.23048E+01  0.21536E+01  0.19848E+01
      0.12800  0.14167E+02  0.00000E+00  0.10924E+01  0.00000E+00  0.59221E+01
      0.12900  0.00000E+00  0.00000E+00  0.00000E+00  0.00000E+00  0.74618E+01
      0.13000  0.00000E+00  0.00000E+00  0.47592E+01  0.00000E+00  0.27504E+01
      0.13100  0.00000E+00  0.00000E+00  0.00000E+00  0.00000E+00  0.16010E+01
      0.13200  0.00000E+00  0.00000E+00  0.00000E+00  0.00000E+00  0.28194E+00
      0.13300  0.00000E+00  0.00000E+00  0.00000E+00  0.00000E+00  0.41477E+01
      0.13400  0.00000E+00  0.00000E+00  0.00000E+00  0.00000E+00  0.11145E+01
      0.13500  0.00000E+00  0.00000E+00  0.14026E+01  0.00000E+00  0.00000E+00
      0.13600  0.00000E+00  0.00000E+00  0.67761E+01  0.00000E+00  0.15733E+01
      0.13700  0.00000E+00  0.00000E+00  0.00000E+00  0.00000E+00  0.90213E+00
      0.13800  0.00000E+00  0.00000E+00  0.40110E+01  0.00000E+00  0.64467E+00
      0.13900  0.00000E+00  0.00000E+00  0.00000E+00  0.00000E+00  0.00000E+00
      0.14000  0.00000E+00  0.00000E+00  0.35547E+01  0.00000E+00  0.00000E+00
      0.14100  0.00000E+00  0.00000E+00  0.23892E+01  0.00000E+00  0.00000E+00
      0.14200  0.00000E+00  0.00000E+00  0.00000E+00  0.00000E+00  0.00000E+00
      0.14300  0.00000E+00  0.00000E+00  0.00000E+00  0.00000E+00  0.00000E+00
      0.14400  0.00000E+00  0.00000E+00  0.00000E+00  0.00000E+00  0.00000E+00
      0.14500  0.00000E+00  0.00000E+00  0.00000E+00  0.00000E+00  0.00000E+00
