      0.00100  0.11532E+08  0.27920E+07  0.23227E+07  0.19379E+07  0.16694E+07
      0.00200  0.55526E+07  0.43405E+07  0.38776E+07  0.34002E+07  0.29959E+07
      0.00300  0.57059E+07  0.45494E+07  0.43616E+07  0.39932E+07  0.36317E+07
      0.00400  0.10957E+07  0.43907E+07  0.44438E+07  0.42181E+07  0.39353E+07
      0.00500  0.26031E+07  0.41361E+07  0.43327E+07  0.42474E+07  0.40503E+07
      0.00600  0.37003E+07  0.38759E+07  0.41455E+07  0.41701E+07  0.40495E+07
      0.00700  0.66509E+06  0.36224E+07  0.39299E+07  0.40302E+07  0.39884E+07
      0.00800  0.55869E+06  0.33949E+07  0.37206E+07  0.38813E+07  0.38922E+07
      0.00900  0.94477E+05  0.31849E+07  0.35294E+07  0.37228E+07  0.37725E+07
      0.01000  0.28572E+07  0.29708E+07  0.33481E+07  0.35624E+07  0.36494E+07
      0.01100  0.32575E+07  0.27863E+07  0.31813E+07  0.34035E+07  0.35178E+07
      0.01200  0.99231E+06  0.26005E+07  0.30189E+07  0.32516E+07  0.33818E+07
      0.01300  0.68937E+06  0.24277E+07  0.28635E+07  0.31057E+07  0.32500E+07
      0.01400  0.61925E+05  0.22759E+07  0.27207E+07  0.29741E+07  0.31263E+07
      0.01500  0.40200E+06  0.21357E+07  0.25976E+07  0.28456E+07  0.30053E+07
      0.01600  0.16330E+06  0.20051E+07  0.24790E+07  0.27296E+07  0.29004E+07
      0.01700  0.52802E+05  0.18962E+07  0.23741E+07  0.26260E+07  0.27978E+07
      0.01800  0.46097E+05  0.17932E+07  0.22743E+07  0.25265E+07  0.26999E+07
      0.01900  0.48195E+04  0.17025E+07  0.21841E+07  0.24378E+07  0.26117E+07
      0.02000  0.31683E+07  0.16135E+07  0.20826E+07  0.23367E+07  0.25117E+07
      0.02100  0.29856E+07  0.13361E+07  0.17812E+07  0.20589E+07  0.22544E+07
      0.02200  0.51882E+06  0.97185E+06  0.13713E+07  0.16764E+07  0.19018E+07
      0.02300  0.92971E+06  0.71474E+06  0.10324E+07  0.13304E+07  0.15660E+07
      0.02400  0.72533E+05  0.55185E+06  0.78694E+06  0.10480E+07  0.12763E+07
      0.02500  0.58461E+06  0.44738E+06  0.61379E+06  0.83110E+06  0.10438E+07
      0.02600  0.17371E+06  0.37703E+06  0.49089E+06  0.67195E+06  0.85746E+06
      0.02700  0.18416E+05  0.32617E+06  0.40586E+06  0.55110E+06  0.71072E+06
      0.02800  0.58795E+05  0.29059E+06  0.34676E+06  0.46023E+06  0.59509E+06
      0.02900  0.51679E+04  0.25709E+06  0.30390E+06  0.39080E+06  0.50541E+06
      0.03000  0.44620E+06  0.22988E+06  0.27081E+06  0.33765E+06  0.43519E+06
      0.03100  0.16347E+06  0.20866E+06  0.24592E+06  0.29948E+06  0.37845E+06
      0.03200  0.14900E+05  0.19192E+06  0.22418E+06  0.26826E+06  0.33418E+06
      0.03300  0.57407E+05  0.17382E+06  0.20662E+06  0.24356E+06  0.29764E+06
      0.03400  0.47728E+04  0.15806E+06  0.19007E+06  0.22256E+06  0.26828E+06
      0.03500  0.40499E+05  0.14647E+06  0.17886E+06  0.20340E+06  0.24215E+06
      0.03600  0.85327E+04  0.13561E+06  0.16599E+06  0.18995E+06  0.22314E+06
      0.03700  0.13030E+04  0.12766E+06  0.15585E+06  0.17851E+06  0.20697E+06
      0.03800  0.27034E+04  0.11789E+06  0.14676E+06  0.16800E+06  0.19351E+06
      0.03900  0.18918E+03  0.11056E+06  0.13763E+06  0.15811E+06  0.18160E+06
      0.04000  0.31988E+06  0.10472E+06  0.13095E+06  0.14987E+06  0.17084E+06
      0.04100  0.16053E+06  0.88119E+05  0.11795E+06  0.13970E+06  0.15887E+06
      0.04200  0.49690E+05  0.69087E+05  0.99359E+05  0.12265E+06  0.14182E+06
      0.04300  0.27492E+05  0.52064E+05  0.79167E+05  0.10371E+06  0.12559E+06
      0.04400  0.52531E+04  0.39626E+05  0.61956E+05  0.88414E+05  0.10945E+06
      0.04500  0.40820E+05  0.30704E+05  0.48665E+05  0.71731E+05  0.93724E+05
      0.04600  0.10585E+05  0.25184E+05  0.38845E+05  0.58580E+05  0.79320E+05
      0.04700  0.26187E+04  0.21856E+05  0.31114E+05  0.48285E+05  0.67714E+05
      0.04800  0.14571E+04  0.18990E+05  0.25944E+05  0.40128E+05  0.56874E+05
      0.04900  0.35055E+03  0.16940E+05  0.22167E+05  0.33334E+05  0.48261E+05
      0.05000  0.34929E+05  0.13894E+05  0.18679E+05  0.28169E+05  0.41927E+05
      0.05100  0.64684E+04  0.12792E+05  0.16055E+05  0.23888E+05  0.35353E+05
      0.05200  0.37383E+04  0.11544E+05  0.14357E+05  0.21093E+05  0.30139E+05
      0.05300  0.67870E+03  0.10038E+05  0.13172E+05  0.18044E+05  0.27043E+05
      0.05400  0.25017E+03  0.96000E+04  0.12559E+05  0.15960E+05  0.23385E+05
      0.05500  0.25675E+04  0.85556E+04  0.11574E+05  0.14489E+05  0.20591E+05
      0.05600  0.26339E+03  0.82520E+04  0.10181E+05  0.13555E+05  0.18433E+05
      0.05700  0.16750E+03  0.72329E+04  0.97791E+04  0.12665E+05  0.16088E+05
      0.05800  0.31737E+02  0.68049E+04  0.87262E+04  0.11206E+05  0.14761E+05
      0.05900  0.39942E+01  0.60548E+04  0.82976E+04  0.99753E+04  0.13640E+05
      0.06000  0.24635E+05  0.59648E+04  0.75305E+04  0.94438E+04  0.12375E+05
      0.06100  0.54401E+04  0.53717E+04  0.67154E+04  0.84682E+04  0.11199E+05
      0.06200  0.38827E+04  0.41824E+04  0.58430E+04  0.75215E+04  0.10045E+05
      0.06300  0.53456E+03  0.28085E+04  0.46183E+04  0.65105E+04  0.91652E+04
      0.06400  0.10908E+03  0.23168E+04  0.38186E+04  0.56903E+04  0.81529E+04
      0.06500  0.27157E+04  0.20300E+04  0.30754E+04  0.50725E+04  0.68912E+04
      0.06600  0.36338E+03  0.15202E+04  0.25544E+04  0.43666E+04  0.61433E+04
      0.06700  0.29106E+03  0.11290E+04  0.20085E+04  0.35225E+04  0.51807E+04
      0.06800  0.61286E+02  0.11276E+04  0.16742E+04  0.29987E+04  0.44713E+04
      0.06900  0.00000E+00  0.80817E+03  0.15543E+04  0.25507E+04  0.38980E+04
      0.07000  0.19382E+04  0.79492E+03  0.12640E+04  0.20521E+04  0.33545E+04
      0.07100  0.29996E+03  0.87809E+03  0.10590E+04  0.18157E+04  0.29438E+04
      0.07200  0.21977E+03  0.65393E+03  0.10357E+04  0.15517E+04  0.26428E+04
      0.07300  0.34305E+02  0.51046E+03  0.99626E+03  0.12570E+04  0.23488E+04
      0.07400  0.88658E+01  0.52758E+03  0.76497E+03  0.12268E+04  0.19983E+04
      0.07500  0.39917E+02  0.50788E+03  0.64936E+03  0.96253E+03  0.18452E+04
      0.07600  0.20122E+01  0.42317E+03  0.60828E+03  0.86861E+03  0.17010E+04
      0.07700  0.39245E+01  0.39188E+03  0.49880E+03  0.71929E+03  0.14698E+04
      0.07800  0.00000E+00  0.36079E+03  0.52923E+03  0.73912E+03  0.13454E+04
      0.07900  0.53545E+03  0.36917E+03  0.54555E+03  0.57657E+03  0.12273E+04
      0.08000  0.10766E+04  0.33898E+03  0.53730E+03  0.50693E+03  0.11474E+04
      0.08100  0.30557E+03  0.32568E+03  0.34500E+03  0.54198E+03  0.87723E+03
      0.08200  0.30473E+03  0.24957E+03  0.33169E+03  0.45069E+03  0.92243E+03
      0.08300  0.39952E+02  0.15094E+03  0.31402E+03  0.46822E+03  0.78045E+03
      0.08400  0.19876E+03  0.12458E+03  0.29246E+03  0.39617E+03  0.67987E+03
      0.08500  0.45627E+02  0.88560E+02  0.18543E+03  0.32645E+03  0.63210E+03
      0.08600  0.15238E+02  0.66447E+02  0.20035E+03  0.36278E+03  0.55738E+03
      0.08700  0.24008E+02  0.10999E+03  0.12732E+03  0.28435E+03  0.47914E+03
      0.08800  0.15368E+02  0.10107E+03  0.12468E+03  0.28547E+03  0.40551E+03
      0.08900  0.12397E+03  0.43298E+02  0.11031E+03  0.22732E+03  0.39715E+03
      0.09000  0.55713E+02  0.54522E+02  0.11870E+03  0.22203E+03  0.34891E+03
      0.09100  0.31315E+01  0.54314E+02  0.85143E+02  0.17039E+03  0.35677E+03
      0.09200  0.13069E+02  0.14910E+02  0.10769E+03  0.14397E+03  0.33882E+03
      0.09300  0.00000E+00  0.20988E+02  0.49532E+02  0.14069E+03  0.23113E+03
      0.09400  0.93333E+01  0.23630E+02  0.40335E+02  0.71666E+02  0.25206E+03
      0.09500  0.26708E+01  0.18994E+02  0.40283E+02  0.75507E+02  0.22361E+03
      0.09600  0.00000E+00  0.38367E+02  0.45902E+02  0.56836E+02  0.20781E+03
      0.09700  0.00000E+00  0.28389E+02  0.57392E+02  0.71880E+02  0.22771E+03
      0.09800  0.00000E+00  0.55997E+01  0.44595E+02  0.45937E+02  0.16606E+03
      0.09900  0.53922E+02  0.11145E+02  0.32505E+02  0.56771E+02  0.11983E+03
      0.10000  0.29323E+02  0.13644E+02  0.14318E+02  0.32398E+02  0.14729E+03
      0.10100  0.16799E+02  0.98804E+01  0.15644E+02  0.40544E+02  0.12378E+03
      0.10200  0.68284E+01  0.42996E+01  0.12479E+02  0.43728E+02  0.10229E+03
      0.10300  0.00000E+00  0.23