      0.00100  0.11551E+08  0.20752E+07  0.15806E+07  0.12832E+07  0.10987E+07
      0.00200  0.55193E+07  0.26656E+07  0.20482E+07  0.17230E+07  0.14922E+07
      0.00300  0.57125E+07  0.25325E+07  0.19499E+07  0.16691E+07  0.14802E+07
      0.00400  0.11070E+07  0.23290E+07  0.17763E+07  0.15222E+07  0.13713E+07
      0.00500  0.26402E+07  0.21176E+07  0.16107E+07  0.13764E+07  0.12425E+07
      0.00600  0.36855E+07  0.19472E+07  0.14577E+07  0.12433E+07  0.11177E+07
      0.00700  0.69126E+06  0.17820E+07  0.13238E+07  0.11208E+07  0.10083E+07
      0.00800  0.55608E+06  0.16471E+07  0.12119E+07  0.10233E+07  0.91642E+06
      0.00900  0.10962E+06  0.15116E+07  0.11207E+07  0.94118E+06  0.83310E+06
      0.01000  0.29249E+07  0.13760E+07  0.10359E+07  0.86197E+06  0.76471E+06
      0.01100  0.31979E+07  0.12518E+07  0.95740E+06  0.79234E+06  0.69978E+06
      0.01200  0.98260E+06  0.11655E+07  0.89522E+06  0.73686E+06  0.64479E+06
      0.01300  0.70666E+06  0.10838E+07  0.83955E+06  0.68934E+06  0.59811E+06
      0.01400  0.67301E+05  0.10187E+07  0.78904E+06  0.64792E+06  0.55850E+06
      0.01500  0.41849E+06  0.96271E+06  0.75270E+06  0.60601E+06  0.52159E+06
      0.01600  0.15948E+06  0.91570E+06  0.70929E+06  0.57653E+06  0.49534E+06
      0.01700  0.51259E+05  0.86694E+06  0.67314E+06  0.54603E+06  0.47100E+06
      0.01800  0.42641E+05  0.82629E+06  0.64125E+06  0.51704E+06  0.44771E+06
      0.01900  0.48686E+04  0.78892E+06  0.60547E+06  0.49077E+06  0.42277E+06
      0.02000  0.31653E+07  0.75702E+06  0.57101E+06  0.46486E+06  0.40046E+06
      0.02100  0.30018E+07  0.66187E+06  0.50897E+06  0.42147E+06  0.36521E+06
      0.02200  0.51591E+06  0.53361E+06  0.42641E+06  0.36303E+06  0.32062E+06
      0.02300  0.93918E+06  0.42989E+06  0.35563E+06  0.31464E+06  0.28143E+06
      0.02400  0.72983E+05  0.35130E+06  0.30031E+06  0.27021E+06  0.24363E+06
      0.02500  0.58425E+06  0.29733E+06  0.25523E+06  0.23176E+06  0.21544E+06
      0.02600  0.17161E+06  0.25437E+06  0.22054E+06  0.20420E+06  0.19026E+06
      0.02700  0.18252E+05  0.22003E+06  0.19156E+06  0.17978E+06  0.16825E+06
      0.02800  0.59469E+05  0.19564E+06  0.16922E+06  0.15840E+06  0.15022E+06
      0.02900  0.59716E+04  0.17156E+06  0.14982E+06  0.14126E+06  0.13465E+06
      0.03000  0.44395E+06  0.15237E+06  0.13677E+06  0.12591E+06  0.12129E+06
      0.03100  0.16357E+06  0.13636E+06  0.12369E+06  0.11502E+06  0.11083E+06
      0.03200  0.14126E+05  0.12192E+06  0.11402E+06  0.10569E+06  0.10052E+06
      0.03300  0.56978E+05  0.11207E+06  0.10587E+06  0.96884E+05  0.93084E+05
      0.03400  0.44059E+04  0.10304E+06  0.96168E+05  0.90523E+05  0.85491E+05
      0.03500  0.39457E+05  0.94588E+05  0.88222E+05  0.82410E+05  0.78541E+05
      0.03600  0.83158E+04  0.87472E+05  0.82335E+05  0.75199E+05  0.71878E+05
      0.03700  0.11334E+04  0.82125E+05  0.75840E+05  0.70122E+05  0.66742E+05
      0.03800  0.28376E+04  0.76114E+05  0.71063E+05  0.65485E+05  0.61116E+05
      0.03900  0.27501E+03  0.72142E+05  0.65126E+05  0.60566E+05  0.56480E+05
      0.04000  0.32346E+06  0.66014E+05  0.56720E+05  0.52869E+05  0.49469E+05
      0.04100  0.15786E+06  0.51567E+05  0.45999E+05  0.44694E+05  0.41898E+05
      0.04200  0.50743E+05  0.38704E+05  0.36614E+05  0.36581E+05  0.34869E+05
      0.04300  0.28348E+05  0.30667E+05  0.28985E+05  0.29338E+05  0.29997E+05
      0.04400  0.48266E+04  0.24293E+05  0.23479E+05  0.24290E+05  0.24638E+05
      0.04500  0.42279E+05  0.20523E+05  0.19591E+05  0.20024E+05  0.20859E+05
      0.04600  0.10425E+05  0.17748E+05  0.16490E+05  0.16324E+05  0.17807E+05
      0.04700  0.27572E+04  0.14842E+05  0.13598E+05  0.13900E+05  0.14542E+05
      0.04800  0.13443E+04  0.12588E+05  0.12035E+05  0.12322E+05  0.12850E+05
      0.04900  0.28415E+03  0.11638E+05  0.10248E+05  0.10424E+05  0.11279E+05
      0.05000  0.34260E+05  0.10187E+05  0.97904E+04  0.91184E+04  0.98065E+04
      0.05100  0.64774E+04  0.94811E+04  0.91457E+04  0.79902E+04  0.89725E+04
      0.05200  0.32830E+04  0.83104E+04  0.80349E+04  0.74599E+04  0.77644E+04
      0.05300  0.66954E+03  0.69987E+04  0.71113E+04  0.71487E+04  0.69990E+04
      0.05400  0.20294E+03  0.65600E+04  0.65078E+04  0.64338E+04  0.66369E+04
      0.05500  0.28823E+04  0.61511E+04  0.59099E+04  0.56235E+04  0.57930E+04
      0.05600  0.18802E+03  0.56488E+04  0.54263E+04  0.52763E+04  0.54972E+04
      0.05700  0.19596E+03  0.51315E+04  0.51484E+04  0.48815E+04  0.48088E+04
      0.05800  0.34730E+02  0.47341E+04  0.49412E+04  0.44414E+04  0.42759E+04
      0.05900  0.59043E+01  0.47060E+04  0.40934E+04  0.40083E+04  0.38769E+04
      0.06000  0.24823E+05  0.39721E+04  0.37922E+04  0.33364E+04  0.35260E+04
      0.06100  0.48929E+04  0.30968E+04  0.29368E+04  0.28048E+04  0.29020E+04
      0.06200  0.34427E+04  0.19836E+04  0.21714E+04  0.23452E+04  0.24602E+04
      0.06300  0.51736E+03  0.13779E+04  0.16845E+04  0.17856E+04  0.19942E+04
      0.06400  0.73224E+02  0.13716E+04  0.13700E+04  0.14759E+04  0.15936E+04
      0.06500  0.26038E+04  0.12190E+04  0.11652E+04  0.13342E+04  0.13943E+04
      0.06600  0.31635E+03  0.92113E+03  0.95382E+03  0.12154E+04  0.13411E+04
      0.06700  0.18898E+03  0.83053E+03  0.77520E+03  0.93509E+03  0.99564E+03
      0.06800  0.22946E+02  0.85918E+03  0.61592E+03  0.92185E+03  0.89865E+03
      0.06900  0.36260E+01  0.65809E+03  0.46340E+03  0.65650E+03  0.84077E+03
      0.07000  0.20231E+04  0.54704E+03  0.45109E+03  0.50632E+03  0.73124E+03
      0.07100  0.41557E+03  0.49189E+03  0.42379E+03  0.46334E+03  0.62209E+03
      0.07200  0.22376E+03  0.45721E+03  0.54528E+03  0.40305E+03  0.55421E+03
      0.07300  0.63777E+02  0.33479E+03  0.35083E+03  0.42500E+03  0.51011E+03
      0.07400  0.10031E+02  0.42095E+03  0.37514E+03  0.37736E+03  0.50052E+03
      0.07500  0.15523E+03  0.30264E+03  0.32199E+03  0.30866E+03  0.41785E+03
      0.07600  0.82084E+01  0.29848E+03  0.27588E+03  0.31340E+03  0.33845E+03
      0.07700  0.20820E+02  0.22253E+03  0.32783E+03  0.25403E+03  0.33417E+03
      0.07800  0.00000E+00  0.28969E+03  0.26588E+03  0.25002E+03  0.36972E+03
      0.07900  0.48424E+03  0.26703E+03  0.24170E+03  0.19870E+03  0.29365E+03
      0.08000  0.93189E+03  0.28760E+03  0.17192E+03  0.15236E+03  0.26660E+03
      0.08100  0.22705E+03  0.16974E+03  0.18511E+03  0.13735E+03  0.18831E+03
      0.08200  0.20165E+03  0.11643E+03  0.16231E+03  0.14712E+03  0.20173E+03
      0.08300  0.26472E+02  0.11233E+03  0.15414E+03  0.13836E+03  0.18110E+03
      0.08400  0.10781E+03  0.13059E+03  0.12710E+03  0.11861E+03  0.12452E+03
      0.08500  0.32058E+02  0.59098E+02  0.72598E+02  0.70656E+02  0.10941E+03
      0.08600  0.29065E+02  0.49896E+02  0.87131E+02  0.77075E+02  0.90712E+02
      0.08700  0.51455E+01  0.60821E+02  0.66238E+02  0.95070E+02  0.84681E+02
      0.08800  0.15347E+02  0.66155E+02  0.71663E+02  0.78343E+02  0.75752E+02
      0.08900  0.58824E+02  0.43496E+02  0.58302E+02  0.66888E+02  0.69164E+02
      0.09000  0.68369E+02  0.39549E+02  0.61640E+02  0.36708E+02  0.41013E+02
      0.09100  0.16612E+02  0.56198E+02  0.36430E+02  0.59199E+02  0.53367E+02
      0.09200  0.49522E+02  0.23455E+02  0.38199E+02  0.54305E+02  0.71020E+02
      0.09300  0.00000E+00  0.22494E+02  0.31660E+02  0.41607E+02  0.60924E+02
      0.09400  0.17742E+01  0.31779E+02  0.34652E+02  0.19007E+02  0.23914E+02
      0.09500  0.18342E+01  0.24084E+02  0.40537E+02  0.22573E+02  0.47284E+02
      0.09600  0.00000E+00  0.76964E+01  0.35082E+02  0.23471E+02  0.31817E+02
      0.09700  0.00000E+00  0.13444E+02  0.80953E+01  0.12103E+02  0.35656E+02
      0.09800  0.00000E+00  0.11192E+02  0.75643E+01  0.12505E+02  0.15603E+02
      0.09900  0.52245E+02  0.17516E+02  0.11354E+02  0.79541E+01  0.20017E+02
      0.10000  0.29389E+02  0.89623E+01  0.13481E+02  0.15523E+02  0.14261E+02
      0.10100  0.42019E+01  0.83193E+01  0.22697E+02  0.89188E+01  0.14735E+02
      0.10200  0.12607E+02  0.20798E+02  0.16551E+01  0.14141E+02  0.18253E+02
      0.10300  0.00000E+00  0.18