     -0.99000  0.49039E+01  0.00000E+00  0.12462E+01  0.40646E+02  0.40538E+02
     -0.98000  0.00000E+00  0.16887E+02  0.00000E+00  0.25070E+02  0.12000E+02
     -0.97000  0.00000E+00  0.65270E+01  0.42284E+01  0.71323E+00  0.00000E+00
     -0.96000  0.00000E+00  0.19243E+01  0.00000E+00  0.00000E+00  0.00000E+00
     -0.95000  0.11292E+01  0.00000E+00  0.00000E+00  0.00000E+00  0.72009E+01
     -0.94000  0.00000E+00  0.24976E+01  0.00000E+00  0.00000E+00  0.00000E+00
     -0.93000  0.00000E+00  0.00000E+00  0.00000E+00  0.00000E+00  0.11176E+02
     -0.92000  0.00000E+00  0.00000E+00  0.64387E+01  0.96977E+01  0.00000E+00
     -0.91000  0.00000E+00  0.49444E+01  0.25643E+01  0.00000E+00  0.84154E+01
     -0.90000  0.19952E+01  0.00000E+00  0.34122E+01  0.89414E+01  0.00000E+00
     -0.89000  0.00000E+00  0.13509E+02  0.00000E+00  0.00000E+00  0.00000E+00
     -0.88000  0.00000E+00  0.00000E+00  0.00000E+00  0.00000E+00  0.37872E+01
     -0.87000  0.00000E+00  0.00000E+00  0.96182E+01  0.00000E+00  0.00000E+00
     -0.86000  0.00000E+00  0.22571E+01  0.00000E+00  0.00000E+00  0.00000E+00
     -0.85000  0.00000E+00  0.00000E+00  0.00000E+00  0.00000E+00  0.14688E+01
     -0.84000  0.00000E+00  0.65487E+00  0.00000E+00  0.00000E+00  0.00000E+00
     -0.83000  0.00000E+00  0.00000E+00  0.78279E+00  0.00000E+00  0.00000E+00
     -0.82000  0.00000E+00  0.00000E+00  0.00000E+00  0.00000E+00  0.00000E+00
     -0.81000  0.00000E+00  0.00000E+00  0.00000E+00  0.00000E+00  0.00000E+00
     -0.80000  0.00000E+00  0.00000E+00  0.48160E+01  0.00000E+00  0.00000E+00
     -0.79000  0.00000E+00  0.00000E+00  0.00000E+00  0.00000E+00  0.23841E+02
     -0.78000  0.00000E+00  0.54813E+01  0.00000E+00  0.00000E+00  0.00000E+00
     -0.77000  0.00000E+00  0.57218E+00  0.00000E+00  0.00000E+00  0.00000E+00
     -0.76000  0.00000E+00  0.00000E+00  0.69208E+01  0.10731E+01  0.11782E+02
     -0.75000  0.00000E+00  0.00000E+00  0.00000E+00  0.00000E+00  0.00000E+00
     -0.74000  0.00000E+00  0.00000E+00  0.00000E+00  0.00000E+00  0.00000E+00
     -0.73000  0.00000E+00  0.00000E+00  0.00000E+00  0.00000E+00  0.00000E+00
     -0.72000  0.00000E+00  0.00000E+00  0.00000E+00  0.00000E+00  0.00000E+00
     -0.71000  0.00000E+00  0.00000E+00  0.00000E+00  0.00000E+00  0.35127E+00
     -0.70000  0.00000E+00  0.68175E+01  0.00000E+00  0.00000E+00  0.11544E+01
     -0.69000  0.00000E+00  0.00000E+00  0.00000E+00  0.00000E+00  0.00000E+00
     -0.68000  0.00000E+00  0.00000E+00  0.00000E+00  0.00000E+00  0.00000E+00
     -0.67000  0.00000E+00  0.00000E+00  0.18183E+02  0.74705E+01  0.00000E+00
     -0.66000  0.00000E+00  0.00000E+00  0.00000E+00  0.00000E+00  0.00000E+00
     -0.65000  0.00000E+00  0.00000E+00  0.00000E+00  0.00000E+00  0.54402E+01
     -0.64000  0.00000E+00  0.00000E+00  0.00000E+00  0.00000E+00  0.00000E+00
     -0.63000  0.00000E+00  0.00000E+00  0.00000E+00  0.11492E+01  0.30012E+01
     -0.62000  0.00000E+00  0.00000E+00  0.00000E+00  0.00000E+00  0.00000E+00
     -0.61000  0.15452E+01  0.59886E+01  0.00000E+00  0.00000E+00  0.00000E+00
     -0.60000  0.00000E+00  0.00000E+00  0.00000E+00  0.00000E+00  0.35130E+01
     -0.59000  0.00000E+00  0.00000E+00  0.00000E+00  0.14920E+01  0.13146E+02
     -0.58000  0.00000E+00  0.00000E+00  0.00000E+00  0.00000E+00  0.00000E+00
     -0.57000  0.00000E+00  0.00000E+00  0.78377E+01  0.84109E-01  0.00000E+00
     -0.56000  0.00000E+00  0.00000E+00  0.00000E+00  0.00000E+00  0.00000E+00
     -0.55000  0.00000E+00  0.00000E+00  0.00000E+00  0.00000E+00  0.67385E+01
     -0.54000  0.00000E+00  0.12344E+00  0.00000E+00  0.00000E+00  0.00000E+00
     -0.53000  0.00000E+00  0.00000E+00  0.00000E+00  0.00000E+00  0.23882E+01
     -0.52000  0.00000E+00  0.00000E+00  0.00000E+00  0.00000E+00  0.00000E+00
     -0.51000  0.00000E+00  0.00000E+00  0.00000E+00  0.00000E+00  0.10473E+02
     -0.50000  0.00000E+00  0.00000E+00  0.00000E+00  0.00000E+00  0.00000E+00
     -0.49000  0.18626E+02  0.00000E+00  0.00000E+00  0.00000E+00  0.72508E+01
     -0.48000  0.00000E+00  0.00000E+00  0.00000E+00  0.00000E+00  0.00000E+00
     -0.47000  0.00000E+00  0.00000E+00  0.00000E+00  0.00000E+00  0.00000E+00
     -0.46000  0.00000E+00  0.00000E+00  0.00000E+00  0.00000E+00  0.00000E+00
     -0.45000  0.00000E+00  0.00000E+00  0.00000E+00  0.00000E+00  0.00000E+00
     -0.44000  0.00000E+00  0.00000E+00  0.00000E+00  0.00000E+00  0.00000E+00
     -0.43000  0.00000E+00  0.00000E+00  0.00000E+00  0.00000E+00  0.00000E+00
     -0.42000  0.00000E+00  0.00000E+00  0.00000E+00  0.00000E+00  0.00000E+00
     -0.41000  0.00000E+00  0.00000E+00  0.00000E+00  0.00000E+00  0.15420E+01
     -0.40000  0.00000E+00  0.00000E+00  0.00000E+00  0.00000E+00  0.00000E+00
     -0.39000  0.00000E+00  0.00000E+00  0.00000E+00  0.00000E+00  0.00000E+00
     -0.38000  0.00000E+00  0.00000E+00  0.00000E+00  0.00000E+00  0.00000E+00
     -0.37000  0.00000E+00  0.00000E+00  0.00000E+00  0.00000E+00  0.00000E+00
     -0.36000  0.00000E+00  0.74278E+01  0.00000E+00  0.00000E+00  0.00000E+00
     -0.35000  0.00000E+00  0.00000E+00  0.00000E+00  0.11703E+02  0.74250E+01
     -0.34000  0.00000E+00  0.00000E+00  0.00000E+00  0.00000E+00  0.00000E+00
     -0.33000  0.00000E+00  0.00000E+00  0.00000E+00  0.00000E+00  0.00000E+00
     -0.32000  0.00000E+00  0.00000E+00  0.00000E+00  0.00000E+00  0.00000E+00
     -0.31000  0.00000E+00  0.00000E+00  0.00000E+00  0.00000E+00  0.00000E+00
     -0.30000  0.00000E+00  0.00000E+00  0.00000E+00  0.00000E+00  0.00000E+00
     -0.29000  0.00000E+00  0.00000E+00  0.16786E+01  0.00000E+00  0.00000E+00
     -0.28000  0.16574E+00  0.00000E+00  0.00000E+00  0.24350E+01  0.00000E+00
     -0.27000  0.00000E+00  0.00000E+00  0.00000E+00  0.00000E+00  0.00000E+00
     -0.26000  0.58858E+01  0.00000E+00  0.00000E+00  0.00000E+00  0.00000E+00
     -0.25000  0.00000E+00  0.00000E+00  0.00000E+00  0.00000E+00  0.00000E+00
     -0.24000  0.44593E+01  0.00000E+00  0.00000E+00  0.00000E+00  0.00000E+00
     -0.23000  0.00000E+00  0.00000E+00  0.00000E+00  0.11452E+01  0.11256E+02
     -0.22000  0.00000E+00  0.00000E+00  0.00000E+00  0.00000E+00  0.00000E+00
     -0.21000  0.00000E+00  0.00000E+00  0.00000E+00  0.00000E+00  0.00000E+00
     -0.20000  0.00000E+00  0.00000E+00  0.00000E+00  0.18215E+01  0.00000E+00
     -0.19000  0.12700E+02  0.00000E+00  0.00000E+00  0.00000E+00  0.00000E+00
     -0.18000  0.00000E+00  0.00000E+00  0.00000E+00  0.00000E+00  0.00000E+00
     -0.17000  0.00000E+00  0.00000E+00  0.00000E+00  0.00000E+00  0.00000E+00
     -0.16000  0.00000E+00  0.00000E+00  0.00000E+00  0.00000E+00  0.00000E+00
     -0.15000  0.00000E+00  0.00000E+00  0.10772E+02  0.00000E+00  0.91206E+00
     -0.14000  0.00000E+00  0.00000E+00  0.91266E+01  0.46178E+00  0.00000E+00
     -0.13000  0.00000E+00  0.00000E+00  0.00000E+00  0.00000E+00  0.00000E+00
     -0.12000  0.00000E+00  0.00000E+00  0.00000E+00  0.00000E+00  0.00000E+00
     -0.11000  0.00000E+00  0.00000E+00  0.00000E+00  0.00000E+00  0.00000E+00
     -0.10000  0.00000E+00  0.00000E+00  0.00000E+00  0.00000E+00  0.00000E+00
     -0.09000  0.00000E+00  0.00000E+00  0.00000E+00  0.00000E+00  0.00000E+00
     -0.08000  0.28509E+00  0.00000E+00  0.41877E+00  0.00000E+00  0.19251E+01
     -0.07000  0.00000E+00  0.00000E+00  0.00000E+00  0.32483E+01  0.00000E+00
     -0.06000  0.00000E+00  0.00000E+00  0.00000E+00  0.00000E+00  0.00000E+00
     -0.05000  0.00000E+00  0.00000E+00  0.00000E+00  0.00000E+00  0.39626E+00
     -0.04000  0.00000E+00  0.00000E+00  0.00000E+00  0.00000E+00  0.00000E+00
     -0.03000  0.00000E+00  0.00000E+00  0.00000E+00  0.00000E+00  0.00000E+00
     -0.02000  0.00000E+00  0.00000E+00  0.00000E+00  0.00000E+00  0.00000E+00
     -0.01000  0.00000E+00  0.00000E+00  0.00000E+00  0.00000E+00  0.00000E+00
      0.00000  0.00000E+00  0.00000E+00  0.00000E+00  0.00000E+00  0.00000E+00
      0.01000  0.00000E+00  0.00000E+00  0.00000E+00  0.00000E+00  0.00000E+00
      0.02000  0.23491E+01  0.00000E+00  0.55997E+00  0.00000E+00  0.00000E+00
      0.03000  0.00000E+00  0.00000E+00  0.00000E+00  0.00000E+00  0.00000E+00
      0.04000  0.00000E+00  0.00000E+00  0.33230E+01  0.00000E+00  0.00000E+00
      0.05000  0.00000E+00  0.00000E+00  0.00000E+00  0.00000E+00  0.00000E+00
      0.06000  0.11824E+01  0.00000E+00  0.00000E+00  0.00000E+00  0.00000E+00
      0.07000  0.64674E+01  0.00000E+00  0.00000E+00  0.00000E+00  0.58143E+01
      0.08000  0.00000E+00  0.00000E+00  0.00000E+00  0.00000E+00  0.00000E+00
      0.09000  0.00000E+00  0.00000E+00  0.00000E+00  0.00000E+00  0.00000E+00
      0.10000  0.14748E+01  0.00000E+00  0.00000E+00  0.00000E+00  0.00000E+00
      0.11000  0.00000E+00  0.25170E+01  0.00000E+00  0.00000E+00  0.00000E+00
      0.12000  0.00000E+00  0.00000E+00  0.00000E+00  0.00000E+00  0.00000E+00
      0.13000  0.39677E+01  0.00000E+00  0.30798E+01  0.00000E+00  0.00000E+00
      0.14000  0.14581E+02  0.00000E+00  0.00000E+00  0.00000E+00  0.00000E+00
      0.15000  0.00000E+00  0.00000E+00  0.00000E+00  0.00000E+00  0.00000E+00
      0.16000  0.86051E+01  0.00000E+00  0.00000E+00  0.00000E+00  0.00000E+00
      0.17000  0.00000E+00  0.00000E+00  0.00000E+00  0.00000E+00  0.00000E+00
      0.18000  0.00000E+00  0.00000E+00  0.00000E+00  0.00000E+00  0.00000E+00
      0.19000  0.12673E+02  0.00000E+00  0.00000E+00  0.00000E+00  0.19932E+02
      0.20000  0.00000E+00  0.57321E+01  0.00000E+00  0.00000E+00  0.00000E+00
      0.21000  0.00000E+00  0.00000E+00  0.00000E+00  0.00000E+00  0.00000E+00
      0.22000  0.00000E+00  0.00000E+00  0.00000E+00  0.19776E+01  0.00000E+00
      0.23000  0.00000E+00  0.00000E+00  0.00000E+00  0.00000E+00  0.00000E+00
      0.24000  0.00000E+00  0.00000E+00  0.00000E+00  0.00000E+00  0.00000E+00
      0.25000  0.00000E+00  0.00000E+00  0.00000E+00  0.00000E+00  0.00000E+00
      0.26000  0.00000E+00  0.00000E+00  0.00000E+00  0.00000E+00  0.00000E+00
      0.27000  0.00000E+00  0.33038E+00  0.00000E+00  0.00000E+00  0.24158E+01
      0.28000  0.00000E+00  0.00000E+00  0.00000E+00  0.00000E+00  0.19327E+02
      0.29000  0.00000E+00  0.00000E+00  0.00000E+00  0.00000E+00  0.00000E+00
      0.30000  0.00000E+00  0.61229E+01  0.00000E+00  0.00000E+00  0.00000E+00
      0.31000  0.00000E+00  0.00000E+00  0.00000E+00  0.00000E+00  0.00000E+00
      0.32000  0.00000E+00  0.20532E+02  0.00000E+00  0.00000E+00  0.00000E+00
      0.33000  0.00000E+00  0.00000E+00  0.19822E+00  0.00000E+00  0.00000E+00
      0.34000  0.00000E+00  0.00000E+00  0.00000E+00  0.00000E+00  0.00000E+00
      0.35000  0.00000E+00  0.00000E+00  0.00000E+00  0.00000E+00  0.00000E+00
      0.36000  0.00000E+00  0.00000E+00  0.00000E+00  0.00000E+00  0.52200E+01
      0.37000  0.00000E+00  0.00000E+00  0.00000E+00  0.00000E+00  0.00000E+00
      0.38000  0.00000E+00  0.00000E+00  0.00000E+00  0.00000E+00  0.00000E+00
      0.39000  0.00000E+00  0.00000E+00  0.00000E+00  0.00000E+00  0.00000E+00
      0.40000  0.00000E+00  0.00000E+00  0.00000E+00  0.00000E+00  0.28099E+01
      0.41000  0.00000E+00  0.00000E+00  0.00000E+00  0.00000E+00  0.00000E+00
      0.42000  0.00000E+00  0.00000E+00  0.00000E+00  0.00000E+00  0.00000E+00
      0.43000  0.00000E+00  0.00000E+00  0.00000E+00  0.00000E+00  0.26984E+00
      0.44000  0.00000E+00  0.00000E+00  0.00000E+00  0.00000E+00  0.00000E+00
      0.45000  0.00000E+00  0.00000E+00  0.00000E+00  0.00000E+00  0.00000E+00
      0.46000  0.00000E+00  0.00000E+00  0.00000E+00  0.00000E+00  0.00000E+00
      0.47000  0.00000E+00  0.00000E+00  0.00000E+00  0.00000E+00  0.00000E+00
      0.48000  0.00000E+00  0.00000E+00  0.00000E+00  0.00000E+00  0.00000E+00
      0.49000  0.00000E+00  0.00000E+00  0.00000E+00  0.00000E+00  0.00000E+00
      0.50000  0.00000E+00  0.00000E+00  0.00000E+00  0.00000E+00  0.00000E+00
      0.51000  0.14986E+01  0.00000E+00  0.00000E+00  0.00000E+00  0.00000E+00
      0.52000  0.00000E+00  0.00000E+00  0.00000E+00  0.00000E+00  0.00000E+00
      0.53000  0.00000E+00  0.14330E+02  0.00000E+00  0.00000E+00  0.00000E+00
      0.54000  0.00000E+00  0.00000E+00  0.00000E+00  0.00000E+00  0.00000E+00
      0.55000  0.00000E+00  0.00000E+00  0.33100E+01  0.00000E+00  0.00000E+00
      0.56000  0.00000E+00  0.00000E+00  0.00000E+00  0.00000E+00  0.00000E+00
      0.57000  0.61534E+01  0.00000E+00  0.00000E+00  0.32593E+01  0.00000E+00
      0.58000  0.00000E+00  0.19412E+02  0.00000E+00  0.00000E+00  0.34773E+01
      0.59000  0.00000E+00  0.37745E+01  0.10743E+01  0.00000E+00  0.00000E+00
      0.60000  0.00000E+00  0.00000E+00  0.00000E+00  0.00000E+00  0.00000E+00
      0.61000  0.00000E+00  0.24429E+02  0.00000E+00  0.00000E+00  0.00000E+00
      0.62000  0.00000E+00  0.00000E+00  0.00000E+00  0.00000E+00  0.34986E+01
      0.63000  0.00000E+00  0.57327E+01  0.00000E+00  0.00000E+00  0.00000E+00
      0.64000  0.00000E+00  0.00000E+00  0.00000E+00  0.00000E+00  0.00000E+00
      0.65000  0.00000E+00  0.00000E+00  0.00000E+00  0.00000E+00  0.00000E+00
      0.66000  0.00000E+00  0.00000E+00  0.00000E+00  0.00000E+00  0.00000E+00
      0.67000  0.00000E+00  0.00000E+00  0.00000E+00  0.00000E+00  0.00000E+00
      0.68000  0.00000E+00  0.31125E+01  0.00000E+00  0.00000E+00  0.00000E+00
      0.69000  0.00000E+00  0.00000E+00  0.00000E+00  0.00000E+00  0.00000E+00
      0.70000  0.00000E+00  0.00000E+00  0.00000E+00  0.00000E+00  0.00000E+00
      0.71000  0.00000E+00  0.00000E+00  0.00000E+00  0.00000E+00  0.00000E+00
      0.72000  0.00000E+00  0.00000E+00  0.00000E+00  0.00000E+00  0.00000E+00
      0.73000  0.00000E+00  0.00000E+00  0.00000E+00  0.00000E+00  0.10284E+02
      0.74000  0.00000E+00  0.00000E+00  0.00000E+00  0.10714E+02  0.00000E+00
      0.75000  0.00000E+00  0.00000E+00  0.00000E+00  0.00000E+00  0.00000E+00
      0.76000  0.00000E+00  0.00000E+00  0.00000E+00  0.00000E+00  0.00000E+00
      0.77000  0.00000E+00  0.00000E+00  0.13345E+02  0.00000E+00  0.15662E+01
      0.78000  0.00000E+00  0.00000E+00  0.00000E+00  0.47645E+01  0.28070E+01
      0.79000  0.00000E+00  0.00000E+00  0.00000E+00  0.00000E+00  0.20547E+02
      0.80000  0.00000E+00  0.00000E+00  0.00000E+00  0.48881E+00  0.00000E+00
      0.81000  0.00000E+00  0.00000E+00  0.00000E+00  0.00000E+00  0.23748E+01
      0.82000  0.00000E+00  0.00000E+00  0.00000E+00  0.58789E+01  0.00000E+00
      0.83000  0.00000E+00  0.00000E+00  0.00000E+00  0.00000E+00  0.27010E+01
      0.84000  0.00000E+00  0.00000E+00  0.00000E+00  0.25058E+02  0.00000E+00
      0.85000  0.00000E+00  0.00000E+00  0.00000E+00  0.00000E+00  0.66045E+01
      0.86000  0.00000E+00  0.00000E+00  0.10569E+02  0.00000E+00  0.00000E+00
      0.87000  0.00000E+00  0.00000E+00  0.00000E+00  0.00000E+00  0.13705E+02
      0.88000  0.00000E+00  0.00000E+00  0.00000E+00  0.00000E+00  0.00000E+00
      0.89000  0.00000E+00  0.00000E+00  0.00000E+00  0.00000E+00  0.00000E+00
      0.90000  0.00000E+00  0.00000E+00  0.12720E+02  0.00000E+00  0.96497E+01
      0.91000  0.00000E+00  0.00000E+00  0.00000E+00  0.20066E+01  0.00000E+00
      0.92000  0.00000E+00  0.00000E+00  0.00000E+00  0.00000E+00  0.00000E+00
      0.93000  0.00000E+00  0.00000E+00  0.00000E+00  0.00000E+00  0.24739E+02
      0.94000  0.00000E+00  0.00000E+00  0.82552E+01  0.00000E+00  0.66350E+01
      0.95000  0.00000E+00  0.38793E+01  0.51236E+00  0.00000E+00  0.58642E+01
      0.96000  0.00000E+00  0.00000E+00  0.00000E+00  0.13488E+02  0.00000E+00
      0.97000  0.00000E+00  0.10879E+01  0.15055E+02  0.00000E+00  0.00000E+00
      0.98000  0.00000E+00  0.00000E+00  0.00000E+00  0.00000E+00  0.00000E+00
      0.99000  0.60590E+01  0.00000E+00  0.00000E+00  0.00000E+00  0.11995E+02
      1.00000  0.91652E+01  0.93388E+01  0.50522E+01  0.17798E+01  0.19986E+02
