      0.00100  0.12187E+08  0.32706E+07  0.22265E+07  0.18139E+07  0.15457E+07
      0.00200  0.54928E+07  0.41049E+07  0.28274E+07  0.23428E+07  0.20407E+07
      0.00300  0.54197E+07  0.36323E+07  0.26577E+07  0.22203E+07  0.19691E+07
      0.00400  0.10549E+07  0.30855E+07  0.23894E+07  0.19919E+07  0.17902E+07
      0.00500  0.27698E+07  0.25870E+07  0.21116E+07  0.17817E+07  0.16001E+07
      0.00600  0.35708E+07  0.21849E+07  0.18639E+07  0.15973E+07  0.14274E+07
      0.00700  0.70707E+06  0.18694E+07  0.16698E+07  0.14407E+07  0.12747E+07
      0.00800  0.51721E+06  0.16331E+07  0.14898E+07  0.12931E+07  0.11501E+07
      0.00900  0.97756E+05  0.14760E+07  0.13393E+07  0.11670E+07  0.10368E+07
      0.01000  0.30386E+07  0.13229E+07  0.11933E+07  0.10375E+07  0.93261E+06
      0.01100  0.31390E+07  0.11360E+07  0.10449E+07  0.92092E+06  0.83274E+06
      0.01200  0.86605E+06  0.95307E+06  0.92716E+06  0.83442E+06  0.75302E+06
      0.01300  0.70489E+06  0.83666E+06  0.84817E+06  0.77171E+06  0.68942E+06
      0.01400  0.65398E+05  0.77342E+06  0.79574E+06  0.72287E+06  0.64557E+06
      0.01500  0.41285E+06  0.73614E+06  0.75187E+06  0.68267E+06  0.60956E+06
      0.01600  0.15591E+06  0.73084E+06  0.72087E+06  0.65499E+06  0.57768E+06
      0.01700  0.60291E+05  0.75831E+06  0.70473E+06  0.62466E+06  0.55611E+06
      0.01800  0.46519E+05  0.79680E+06  0.69436E+06  0.60662E+06  0.53542E+06
      0.01900  0.57194E+04  0.87155E+06  0.69605E+06  0.59268E+06  0.52160E+06
      0.02000  0.32773E+07  0.99181E+06  0.70647E+06  0.58696E+06  0.50594E+06
      0.02100  0.28996E+07  0.94697E+06  0.65145E+06  0.53374E+06  0.46411E+06
      0.02200  0.47832E+06  0.73829E+06  0.53332E+06  0.45450E+06  0.39577E+06
      0.02300  0.86723E+06  0.55374E+06  0.43334E+06  0.37451E+06  0.33672E+06
      0.02400  0.67419E+05  0.42812E+06  0.35261E+06  0.31260E+06  0.28759E+06
      0.02500  0.58670E+06  0.33284E+06  0.29261E+06  0.26405E+06  0.24805E+06
      0.02600  0.16578E+06  0.26283E+06  0.25074E+06  0.22629E+06  0.21445E+06
      0.02700  0.17736E+05  0.21681E+06  0.21159E+06  0.19488E+06  0.18710E+06
      0.02800  0.52637E+05  0.18170E+06  0.18329E+06  0.17035E+06  0.16229E+06
      0.02900  0.40979E+04  0.15549E+06  0.15982E+06  0.15054E+06  0.14344E+06
      0.03000  0.44213E+06  0.13323E+06  0.13759E+06  0.13209E+06  0.12749E+06
      0.03100  0.15116E+06  0.11221E+06  0.12015E+06  0.11562E+06  0.11265E+06
      0.03200  0.13871E+05  0.91837E+05  0.10538E+06  0.10398E+06  0.10179E+06
      0.03300  0.57238E+05  0.79790E+05  0.93758E+05  0.95133E+05  0.93767E+05
      0.03400  0.41729E+04  0.73062E+05  0.83896E+05  0.85830E+05  0.84793E+05
      0.03500  0.38509E+05  0.64919E+05  0.79091E+05  0.78480E+05  0.77311E+05
      0.03600  0.91194E+04  0.63488E+05  0.73412E+05  0.71959E+05  0.72201E+05
      0.03700  0.17620E+04  0.62588E+05  0.68621E+05  0.68189E+05  0.66356E+05
      0.03800  0.25844E+04  0.63973E+05  0.64935E+05  0.64104E+05  0.62061E+05
      0.03900  0.36757E+03  0.66784E+05  0.61507E+05  0.59800E+05  0.56573E+05
      0.04000  0.31657E+06  0.71991E+05  0.57107E+05  0.54292E+05  0.52075E+05
      0.04100  0.14885E+06  0.63820E+05  0.47634E+05  0.44847E+05  0.42566E+05
      0.04200  0.46924E+05  0.48574E+05  0.38273E+05  0.35062E+05  0.35271E+05
      0.04300  0.24812E+05  0.36479E+05  0.30115E+05  0.27689E+05  0.28563E+05
      0.04400  0.44916E+04  0.26980E+05  0.23670E+05  0.22098E+05  0.23221E+05
      0.04500  0.42605E+05  0.21224E+05  0.19822E+05  0.18882E+05  0.18611E+05
      0.04600  0.99363E+04  0.17018E+05  0.17033E+05  0.16197E+05  0.16162E+05
      0.04700  0.25712E+04  0.13989E+05  0.13981E+05  0.13310E+05  0.13606E+05
      0.04800  0.11872E+04  0.11262E+05  0.12024E+05  0.11625E+05  0.11697E+05
      0.04900  0.31190E+03  0.10127E+05  0.10502E+05  0.99447E+04  0.10168E+05
      0.05000  0.32932E+05  0.83626E+04  0.88641E+04  0.90521E+04  0.91269E+04
      0.05100  0.58587E+04  0.66380E+04  0.79995E+04  0.77305E+04  0.81504E+04
      0.05200  0.32102E+04  0.57933E+04  0.66258E+04  0.71773E+04  0.69782E+04
      0.05300  0.75946E+03  0.49323E+04  0.61257E+04  0.66130E+04  0.64995E+04
      0.05400  0.25686E+03  0.46440E+04  0.52637E+04  0.59172E+04  0.60984E+04
      0.05500  0.30342E+04  0.44031E+04  0.51436E+04  0.53229E+04  0.53881E+04
      0.05600  0.26550E+03  0.40420E+04  0.48548E+04  0.47789E+04  0.50508E+04
      0.05700  0.18444E+03  0.36564E+04  0.44926E+04  0.42777E+04  0.44496E+04
      0.05800  0.23406E+02  0.41338E+04  0.42268E+04  0.43406E+04  0.40918E+04
      0.05900  0.17579E+02  0.44224E+04  0.37854E+04  0.36830E+04  0.37453E+04
      0.06000  0.22741E+05  0.43077E+04  0.33530E+04  0.31950E+04  0.30353E+04
      0.06100  0.48830E+04  0.34798E+04  0.26072E+04  0.26708E+04  0.25249E+04
      0.06200  0.30223E+04  0.24911E+04  0.21030E+04  0.19422E+04  0.19540E+04
      0.06300  0.57275E+03  0.18950E+04  0.14544E+04  0.15162E+04  0.16246E+04
      0.06400  0.77221E+02  0.14062E+04  0.10461E+04  0.11698E+04  0.13720E+04
      0.06500  0.24650E+04  0.99292E+03  0.10061E+04  0.10033E+04  0.11605E+04
      0.06600  0.38955E+03  0.84174E+03  0.87385E+03  0.83664E+03  0.90999E+03
      0.06700  0.27569E+03  0.62598E+03  0.70402E+03  0.72894E+03  0.80949E+03
      0.06800  0.28207E+02  0.63821E+03  0.61017E+03  0.65110E+03  0.73986E+03
      0.06900  0.35462E+01  0.49963E+03  0.54539E+03  0.55677E+03  0.64458E+03
      0.07000  0.17840E+04  0.50310E+03  0.37234E+03  0.49998E+03  0.50601E+03
      0.07100  0.24549E+03  0.27207E+03  0.42591E+03  0.48197E+03  0.44969E+03
      0.07200  0.15099E+03  0.33818E+03  0.46149E+03  0.38116E+03  0.35307E+03
      0.07300  0.65844E+02  0.26533E+03  0.31472E+03  0.37295E+03  0.34023E+03
      0.07400  0.51362E+02  0.18566E+03  0.30804E+03  0.31129E+03  0.30304E+03
      0.07500  0.73621E+02  0.22620E+03  0.20993E+03  0.22486E+03  0.25998E+03
      0.07600  0.00000E+00  0.22128E+03  0.23179E+03  0.21741E+03  0.24301E+03
      0.07700  0.99511E+01  0.16379E+03  0.18845E+03  0.22610E+03  0.27190E+03
      0.07800  0.00000E+00  0.21155E+03  0.18865E+03  0.16117E+03  0.24053E+03
      0.07900  0.45220E+03  0.24122E+03  0.22827E+03  0.23210E+03  0.18274E+03
      0.08000  0.94914E+03  0.20976E+03  0.22559E+03  0.15144E+03  0.21837E+03
      0.08100  0.34985E+03  0.21573E+03  0.13584E+03  0.14560E+03  0.19112E+03
      0.08200  0.16255E+03  0.14025E+03  0.12880E+03  0.14925E+03  0.98796E+02
      0.08300  0.31680E+02  0.95455E+02  0.10313E+03  0.12694E+03  0.10683E+03
      0.08400  0.16087E+03  0.78465E+02  0.64454E+02  0.11012E+03  0.98079E+02
      0.08500  0.23203E+02  0.98213E+02  0.11491E+03  0.72084E+02  0.73242E+02
      0.08600  0.24052E+02  0.71301E+02  0.10650E+03  0.78137E+02  0.71369E+02
      0.08700  0.26685E+02  0.47609E+02  0.11696E+03  0.64200E+02  0.53243E+02
      0.08800  0.00000E+00  0.43039E+02  0.46501E+02  0.41895E+02  0.38259E+02
      0.08900  0.14836E+03  0.52110E+02  0.37321E+02  0.42801E+02  0.44170E+02
      0.09000  0.61388E+02  0.33461E+02  0.27425E+02  0.18382E+02  0.61056E+02
      0.09100  0.00000E+00  0.61327E+02  0.56763E+02  0.20102E+02  0.42336E+02
      0.09200  0.17454E+01  0.21662E+02  0.32564E+02  0.26896E+02  0.43523E+02
      0.09300  0.00000E+00  0.27250E+02  0.29691E+02  0.32103E+02  0.21282E+02
      0.09400  0.00000E+00  0.10527E+02  0.27158E+02  0.27421E+02  0.24226E+02
      0.09500  0.00000E+00  0.11840E+02  0.59152E+02  0.42757E+02  0.39963E+02
      0.09600  0.00000E+00  0.10465E+02  0.12764E+02  0.30425E+02  0.26768E+02
      0.09700  0.00000E+00  0.84359E+00  0.89819E+01  0.16921E+02  0.34482E+02
      0.09800  0.00000E+00  0.12696E+02  0.28336E+02  0.12558E+02  0.87115E+01
      0.09900  0.85318E+02  0.23142E+02  0.12336E+02  0.14041E+02  0.91048E+01
      0.10000  0.50364E+02  0.15932E+02  0.15966E+00  0.12748E+02  0.10567E+02
      0.10100  0.00000E+00  0.83179E+01  0.50142E+01  0.12186E+02  0.98895E+01
      0.10200  0.72435E+01  0.10823E+02  0.43260E+01  0.11899E+02  0.96425E+01
      0.10300  0.80003E+01  0.78