      0.00100  0.24362E+08  0.72414E+07  0.52539E+07  0.44028E+07  0.37996E+07
      0.00200  0.10986E+08  0.10000E+08  0.75205E+07  0.65617E+07  0.58518E+07
      0.00300  0.10854E+08  0.94331E+07  0.76535E+07  0.68847E+07  0.63280E+07
      0.00400  0.20982E+07  0.83222E+07  0.72589E+07  0.66747E+07  0.62977E+07
      0.00500  0.54887E+07  0.71548E+07  0.67046E+07  0.63108E+07  0.60623E+07
      0.00600  0.71305E+07  0.61808E+07  0.61137E+07  0.58975E+07  0.57397E+07
      0.00700  0.14057E+07  0.53424E+07  0.55947E+07  0.55035E+07  0.53971E+07
      0.00800  0.10037E+07  0.46490E+07  0.51015E+07  0.51076E+07  0.50662E+07
      0.00900  0.19064E+06  0.41472E+07  0.46736E+07  0.47462E+07  0.47471E+07
      0.01000  0.60667E+07  0.37279E+07  0.42707E+07  0.43928E+07  0.44484E+07
      0.01100  0.62509E+07  0.33345E+07  0.38828E+07  0.40631E+07  0.41486E+07
      0.01200  0.17564E+07  0.28973E+07  0.35209E+07  0.37546E+07  0.38663E+07
      0.01300  0.13971E+07  0.25291E+07  0.32143E+07  0.34865E+07  0.36146E+07
      0.01400  0.13206E+06  0.22520E+07  0.29594E+07  0.32483E+07  0.33974E+07
      0.01500  0.82914E+06  0.20392E+07  0.27465E+07  0.30398E+07  0.32005E+07
      0.01600  0.30111E+06  0.18901E+07  0.25688E+07  0.28767E+07  0.30286E+07
      0.01700  0.11861E+06  0.18122E+07  0.24273E+07  0.27186E+07  0.28839E+07
      0.01800  0.97787E+05  0.17717E+07  0.23053E+07  0.25845E+07  0.27537E+07
      0.01900  0.10561E+05  0.17902E+07  0.22091E+07  0.24705E+07  0.26380E+07
      0.02000  0.65316E+07  0.19132E+07  0.21386E+07  0.23683E+07  0.25192E+07
      0.02100  0.57831E+07  0.20425E+07  0.19305E+07  0.20887E+07  0.22408E+07
      0.02200  0.95937E+06  0.17246E+07  0.15541E+07  0.16879E+07  0.18417E+07
      0.02300  0.17357E+07  0.13345E+07  0.12254E+07  0.13236E+07  0.14787E+07
      0.02400  0.13623E+06  0.10268E+07  0.97756E+06  0.10540E+07  0.11901E+07
      0.02500  0.11729E+07  0.80076E+06  0.79359E+06  0.85841E+06  0.96611E+06
      0.02600  0.32880E+06  0.63508E+06  0.66700E+06  0.71125E+06  0.79731E+06
      0.02700  0.37893E+05  0.51850E+06  0.56414E+06  0.60011E+06  0.66745E+06
      0.02800  0.10489E+06  0.43512E+06  0.48622E+06  0.51532E+06  0.56725E+06
      0.02900  0.80291E+04  0.36918E+06  0.42548E+06  0.44969E+06  0.49029E+06
      0.03000  0.88946E+06  0.32094E+06  0.37461E+06  0.39626E+06  0.43208E+06
      0.03100  0.30439E+06  0.27551E+06  0.33090E+06  0.35251E+06  0.38116E+06
      0.03200  0.27227E+05  0.23112E+06  0.29197E+06  0.31656E+06  0.34117E+06
      0.03300  0.11570E+06  0.19887E+06  0.25810E+06  0.28887E+06  0.31095E+06
      0.03400  0.79944E+04  0.17638E+06  0.23155E+06  0.26246E+06  0.28220E+06
      0.03500  0.76156E+05  0.15369E+06  0.21404E+06  0.24027E+06  0.25894E+06
      0.03600  0.18118E+05  0.14335E+06  0.19830E+06  0.21912E+06  0.23895E+06
      0.03700  0.34537E+04  0.13789E+06  0.18316E+06  0.20645E+06  0.22169E+06
      0.03800  0.54951E+04  0.13380E+06  0.17146E+06  0.19389E+06  0.20908E+06
      0.03900  0.69942E+03  0.13566E+06  0.16024E+06  0.18103E+06  0.19328E+06
      0.04000  0.63766E+06  0.14336E+06  0.15054E+06  0.16826E+06  0.18102E+06
      0.04100  0.29979E+06  0.13890E+06  0.13247E+06  0.14834E+06  0.15953E+06
      0.04200  0.92994E+05  0.11500E+06  0.10909E+06  0.12251E+06  0.13745E+06
      0.04300  0.49546E+05  0.88734E+05  0.85968E+05  0.99010E+05  0.11566E+06
      0.04400  0.91046E+04  0.66159E+05  0.67475E+05  0.78828E+05  0.95001E+05
      0.04500  0.82950E+05  0.51322E+05  0.54250E+05  0.64419E+05  0.76993E+05
      0.04600  0.19774E+05  0.40645E+05  0.45942E+05  0.52285E+05  0.63868E+05
      0.04700  0.54782E+04  0.32904E+05  0.37641E+05  0.43032E+05  0.52476E+05
      0.04800  0.21988E+04  0.26397E+05  0.32094E+05  0.36144E+05  0.44817E+05
      0.04900  0.66183E+03  0.22924E+05  0.27529E+05  0.30782E+05  0.37200E+05
      0.05000  0.66751E+05  0.20034E+05  0.23789E+05  0.26541E+05  0.31857E+05
      0.05100  0.11655E+05  0.16512E+05  0.21534E+05  0.23060E+05  0.27095E+05
      0.05200  0.61385E+04  0.13903E+05  0.18012E+05  0.21110E+05  0.23737E+05
      0.05300  0.17548E+04  0.12034E+05  0.16366E+05  0.18977E+05  0.21170E+05
      0.05400  0.53865E+03  0.10669E+05  0.13734E+05  0.17183E+05  0.19272E+05
      0.05500  0.56560E+04  0.98103E+04  0.12879E+05  0.15217E+05  0.17198E+05
      0.05600  0.55225E+03  0.88000E+04  0.12297E+05  0.13969E+05  0.15756E+05
      0.05700  0.37909E+03  0.82909E+04  0.11462E+05  0.12700E+05  0.14517E+05
      0.05800  0.71194E+02  0.85715E+04  0.11130E+05  0.11900E+05  0.13418E+05
      0.05900  0.67787E+02  0.87662E+04  0.95126E+04  0.10850E+05  0.12245E+05
      0.06000  0.46530E+05  0.83798E+04  0.87221E+04  0.95597E+04  0.10875E+05
      0.06100  0.95832E+04  0.74570E+04  0.77024E+04  0.84718E+04  0.95696E+04
      0.06200  0.59883E+04  0.61215E+04  0.62292E+04  0.71079E+04  0.80829E+04
      0.06300  0.11506E+04  0.46373E+04  0.47066E+04  0.59254E+04  0.67926E+04
      0.06400  0.96773E+02  0.35446E+04  0.35881E+04  0.49062E+04  0.58223E+04
      0.06500  0.50859E+04  0.25655E+04  0.30581E+04  0.37993E+04  0.50308E+04
      0.06600  0.68520E+03  0.20907E+04  0.26744E+04  0.30426E+04  0.40715E+04
      0.06700  0.43372E+03  0.15972E+04  0.21463E+04  0.26000E+04  0.35457E+04
      0.06800  0.36558E+02  0.14944E+04  0.18635E+04  0.22682E+04  0.29417E+04
      0.06900  0.22932E+02  0.12283E+04  0.16495E+04  0.18541E+04  0.24165E+04
      0.07000  0.36006E+04  0.12513E+04  0.13290E+04  0.16505E+04  0.22150E+04
      0.07100  0.49716E+03  0.76563E+03  0.13141E+04  0.15202E+04  0.18318E+04
      0.07200  0.31298E+03  0.72584E+03  0.11105E+04  0.11858E+04  0.15429E+04
      0.07300  0.10587E+03  0.67501E+03  0.88052E+03  0.11378E+04  0.13809E+04
      0.07400  0.71364E+02  0.57616E+03  0.81552E+03  0.10212E+04  0.11787E+04
      0.07500  0.13385E+03  0.58136E+03  0.70759E+03  0.82293E+03  0.10538E+04
      0.07600  0.16207E+02  0.55355E+03  0.77001E+03  0.80646E+03  0.93905E+03
      0.07700  0.36080E+02  0.35623E+03  0.62386E+03  0.72349E+03  0.95810E+03
      0.07800  0.00000E+00  0.44057E+03  0.57293E+03  0.57023E+03  0.77022E+03
      0.07900  0.10120E+04  0.48054E+03  0.52433E+03  0.59461E+03  0.70254E+03
      0.08000  0.17914E+04  0.42931E+03  0.50893E+03  0.47870E+03  0.61804E+03
      0.08100  0.68698E+03  0.52559E+03  0.38115E+03  0.55941E+03  0.61501E+03
      0.08200  0.43078E+03  0.33542E+03  0.41476E+03  0.49814E+03  0.49636E+03
      0.08300  0.60545E+02  0.25472E+03  0.34457E+03  0.47312E+03  0.47879E+03
      0.08400  0.32612E+03  0.22400E+03  0.24768E+03  0.32114E+03  0.40541E+03
      0.08500  0.85154E+02  0.22114E+03  0.26545E+03  0.27573E+03  0.33185E+03
      0.08600  0.39981E+02  0.18339E+03  0.26458E+03  0.26233E+03  0.33270E+03
      0.08700  0.84102E+02  0.11147E+03  0.25114E+03  0.23003E+03  0.28857E+03
      0.08800  0.00000E+00  0.10783E+03  0.13907E+03  0.18633E+03  0.25432E+03
      0.08900  0.19581E+03  0.10507E+03  0.15053E+03  0.15616E+03  0.22288E+03
      0.09000  0.10480E+03  0.68766E+02  0.68229E+02  0.13059E+03  0.19634E+03
      0.09100  0.70285E+01  0.84334E+02  0.91120E+02  0.12130E+03  0.14350E+03
      0.09200  0.44083E+02  0.46548E+02  0.54063E+02  0.97554E+02  0.15761E+03
      0.09300  0.00000E+00  0.52711E+02  0.43562E+02  0.79035E+02  0.12788E+03
      0.09400  0.00000E+00  0.39252E+02  0.54137E+02  0.76225E+02  0.11431E+03
      0.09500  0.00000E+00  0.42085E+02  0.88602E+02  0.94828E+02  0.13381E+03
      0.09600  0.00000E+00  0.26474E+02  0.46866E+02  0.77233E+02  0.86294E+02
      0.09700  0.00000E+00  0.99534E+01  0.25924E+02  0.58046E+02  0.94884E+02
      0.09800  0.00000E+00  0.14732E+02  0.64674E+02  0.44510E+02  0.54552E+02
      0.09900  0.15662E+03  0.36223E+02  0.42161E+02  0.43916E+02  0.37452E+02
      0.10000  0.77726E+02  0.36395E+02  0.97624E+01  0.52378E+02  0.46684E+02
      0.10100  0.14748E+01  0.21400E+02  0.14859E+02  0.36334E+02  0.52381E+02
      0.10200  0.21894E+02  0.32311E+02  0.30737E+02  0.34798E+02  0.50830E+02
      0.10300  0.80003E+01  0.21756E+02  0.23719E+02  0.26543E+02  0.50223E+02
      0.10400  0.15050E+02  0.31874E+02  0.13997E+02  0.92676E+01  0.44505E+02
      0.10500  0.17063E+02  0.22571E+01  0.70150E+01  0.25326E+02  0.29771E+02
      0.10600  0.00000E+00  0.67124E+01  0.13031E+02  0.23858E+02  0.21287E+02
      0.10700  0.82350E+01  0.50839E+01  0.14374E+02  0.89093E+01  0.18270E+02
      0.10800  0.00000E+00  0.10640E+02  0.74917E+01  0.44174E+01  0.26755E+02
      0.10900  0.25824E+02  0.63406E+00  0.13031E+02  0.28806E+01  0.21999E+02
      0.11000  0.15452E+01  0.33038E+00  0.16494E+01  0.71323E+00  0.21294E+02
      0.11100  0.00000E+00  0.46299E+01  0.00000E+00  0.00000E+00  0.14299E+02
      0.11200  0.00000E+00  0.12443E+02  0.63378E+01  0.00000E+00  0.94235E+01
      0.11300  0.00000E+00  0.11823E+02  0.00000E+00  0.00000E+00  0.53809E+01
      0.11400  0.00000E+00  0.11401E+02  0.00000E+00  0.00000E+00  0.26215E+01
      0.11500  0.00000E+00  0.79999E+01  0.50692E+00  0.50301E+01  0.67142E+01
      0.11600  0.00000E+00  0.00000E+00  0.00000E+00  0.84910E+01  0.24066E+01
      0.11700  0.00000E+00  0.00000E+00  0.00000E+00  0.00000E+00  0.50861E+01
      0.11800  0.00000E+00  0.00000E+00  0.50779E+01  0.00000E+00  0.00000E+00
      0.11900  0.18626E+02  0.26210E+01  0.53055E+01  0.00000E+00  0.00000E+00
      0.12000  0.35874E+01  0.00000E+00  0.29761E+01  0.00000E+00  0.29763E+00
      0.12100  0.60473E+00  0.00000E+00  0.00000E+00  0.00000E+00  0.20772E+01
      0.12200  0.00000E+00  0.00000E+00  0.00000E+00  0.00000E+00  0.35130E+01
      0.12300  0.00000E+00  0.12025E+02  0.22629E+01  0.00000E+00  0.00000E+00
      0.12400  0.00000E+00  0.00000E+00  0.27257E+01  0.00000E+00  0.00000E+00
      0.12500  0.00000E+00  0.00000E+00  0.00000E+00  0.00000E+00  0.00000E+00
      0.12600  0.00000E+00  0.00000E+00  0.00000E+00  0.00000E+00  0.20647E+01
      0.12700  0.00000E+00  0.00000E+00  0.00000E+00  0.00000E+00  0.11248E+01
      0.12800  0.00000E+00  0.00000E+00  0.00000E+00  0.00000E+00  0.11827E+01
      0.12900  0.39677E+01  0.00000E+00  0.00000E+00  0.00000E+00  0.54402E+01
      0.13000  0.00000E+00  0.00000E+00  0.00000E+00  0.00000E+00  0.00000E+00
      0.13100  0.00000E+00  0.00000E+00  0.00000E+00  0.00000E+00  0.00000E+00
      0.13200  0.00000E+00  0.00000E+00  0.00000E+00  0.00000E+00  0.00000E+00
      0.13300  0.00000E+00  0.00000E+00  0.00000E+00  0.00000E+00  0.00000E+00
      0.13400  0.00000E+00  0.00000E+00  0.00000E+00  0.00000E+00  0.00000E+00
