      0.00100  0.12175E+08  0.39708E+07  0.30274E+07  0.25888E+07  0.22539E+07
      0.00200  0.54932E+07  0.58951E+07  0.46930E+07  0.42189E+07  0.38111E+07
      0.00300  0.54339E+07  0.58008E+07  0.49958E+07  0.46644E+07  0.43588E+07
      0.00400  0.10433E+07  0.52367E+07  0.48695E+07  0.46828E+07  0.45075E+07
      0.00500  0.27190E+07  0.45678E+07  0.45931E+07  0.45291E+07  0.44621E+07
      0.00600  0.35597E+07  0.39959E+07  0.42498E+07  0.43002E+07  0.43124E+07
      0.00700  0.69862E+06  0.34730E+07  0.39249E+07  0.40627E+07  0.41224E+07
      0.00800  0.48646E+06  0.30159E+07  0.36117E+07  0.38145E+07  0.39160E+07
      0.00900  0.92887E+05  0.26712E+07  0.33343E+07  0.35792E+07  0.37103E+07
      0.01000  0.30281E+07  0.24050E+07  0.30774E+07  0.33553E+07  0.35158E+07
      0.01100  0.31120E+07  0.21985E+07  0.28379E+07  0.31422E+07  0.33159E+07
      0.01200  0.89037E+06  0.19442E+07  0.25938E+07  0.29202E+07  0.31133E+07
      0.01300  0.69225E+06  0.16924E+07  0.23662E+07  0.27147E+07  0.29252E+07
      0.01400  0.66660E+05  0.14785E+07  0.21637E+07  0.25255E+07  0.27518E+07
      0.01500  0.41630E+06  0.13030E+07  0.19947E+07  0.23571E+07  0.25910E+07
      0.01600  0.14520E+06  0.11592E+07  0.18480E+07  0.22217E+07  0.24510E+07
      0.01700  0.58319E+05  0.10539E+07  0.17226E+07  0.20940E+07  0.23278E+07
      0.01800  0.51268E+05  0.97488E+06  0.16110E+07  0.19779E+07  0.22182E+07
      0.01900  0.48413E+04  0.91869E+06  0.15131E+07  0.18778E+07  0.21164E+07
      0.02000  0.32542E+07  0.92141E+06  0.14321E+07  0.17813E+07  0.20132E+07
      0.02100  0.28835E+07  0.10956E+07  0.12790E+07  0.15549E+07  0.17767E+07
      0.02200  0.48105E+06  0.98626E+06  0.10208E+07  0.12334E+07  0.14460E+07
      0.02300  0.86851E+06  0.78076E+06  0.79208E+06  0.94914E+06  0.11420E+07
      0.02400  0.68806E+05  0.59871E+06  0.62496E+06  0.74143E+06  0.90251E+06
      0.02500  0.58616E+06  0.46792E+06  0.50099E+06  0.59436E+06  0.71805E+06
      0.02600  0.16302E+06  0.37225E+06  0.41626E+06  0.48495E+06  0.58286E+06
      0.02700  0.20157E+05  0.30169E+06  0.35255E+06  0.40523E+06  0.48035E+06
      0.02800  0.52249E+05  0.25342E+06  0.30293E+06  0.34497E+06  0.40496E+06
      0.02900  0.39313E+04  0.21369E+06  0.26566E+06  0.29914E+06  0.34685E+06
      0.03000  0.44734E+06  0.18771E+06  0.23701E+06  0.26417E+06  0.30459E+06
      0.03100  0.15324E+06  0.16330E+06  0.21075E+06  0.23689E+06  0.26851E+06
      0.03200  0.13356E+05  0.13929E+06  0.18659E+06  0.21258E+06  0.23938E+06
      0.03300  0.58457E+05  0.11908E+06  0.16434E+06  0.19374E+06  0.21718E+06
      0.03400  0.38215E+04  0.10331E+06  0.14765E+06  0.17663E+06  0.19741E+06
      0.03500  0.37647E+05  0.88775E+05  0.13495E+06  0.16179E+06  0.18163E+06
      0.03600  0.89985E+04  0.79866E+05  0.12488E+06  0.14716E+06  0.16675E+06
      0.03700  0.16917E+04  0.75305E+05  0.11454E+06  0.13826E+06  0.15533E+06
      0.03800  0.29107E+04  0.69825E+05  0.10653E+06  0.12979E+06  0.14702E+06
      0.03900  0.33185E+03  0.68876E+05  0.98731E+05  0.12122E+06  0.13670E+06
      0.04000  0.32109E+06  0.71373E+05  0.93434E+05  0.11396E+06  0.12894E+06
      0.04100  0.15095E+06  0.75082E+05  0.84832E+05  0.10350E+06  0.11696E+06
      0.04200  0.46070E+05  0.66431E+05  0.70819E+05  0.87443E+05  0.10218E+06
      0.04300  0.24735E+05  0.52254E+05  0.55852E+05  0.71322E+05  0.87101E+05
      0.04400  0.46130E+04  0.39179E+05  0.43805E+05  0.56731E+05  0.71781E+05
      0.04500  0.40346E+05  0.30097E+05  0.34428E+05  0.45537E+05  0.58382E+05
      0.04600  0.98377E+04  0.23628E+05  0.28909E+05  0.36089E+05  0.47706E+05
      0.04700  0.29070E+04  0.18915E+05  0.23660E+05  0.29722E+05  0.38870E+05
      0.04800  0.10116E+04  0.15135E+05  0.20070E+05  0.24519E+05  0.33119E+05
      0.04900  0.34993E+03  0.12797E+05  0.17027E+05  0.20838E+05  0.27032E+05
      0.05000  0.33818E+05  0.11671E+05  0.14925E+05  0.17489E+05  0.22730E+05
      0.05100  0.57965E+04  0.98736E+04  0.13534E+05  0.15330E+05  0.18944E+05
      0.05200  0.29283E+04  0.81098E+04  0.11386E+05  0.13933E+05  0.16759E+05
      0.05300  0.99532E+03  0.71020E+04  0.10240E+05  0.12364E+05  0.14671E+05
      0.05400  0.28179E+03  0.60246E+04  0.84703E+04  0.11266E+05  0.13173E+05
      0.05500  0.26218E+04  0.54072E+04  0.77358E+04  0.98942E+04  0.11809E+05
      0.05600  0.28675E+03  0.47580E+04  0.74417E+04  0.91900E+04  0.10706E+05
      0.05700  0.19465E+03  0.46346E+04  0.69694E+04  0.84219E+04  0.10067E+05
      0.05800  0.47788E+02  0.44376E+04  0.69035E+04  0.75597E+04  0.93262E+04
      0.05900  0.50208E+02  0.43438E+04  0.57273E+04  0.71669E+04  0.84994E+04
      0.06000  0.23789E+05  0.40721E+04  0.53691E+04  0.63647E+04  0.78396E+04
      0.06100  0.47003E+04  0.39772E+04  0.50952E+04  0.58010E+04  0.70447E+04
      0.06200  0.29660E+04  0.36304E+04  0.41262E+04  0.51657E+04  0.61290E+04
      0.06300  0.57781E+03  0.27424E+04  0.32522E+04  0.44092E+04  0.51680E+04
      0.06400  0.19552E+02  0.21384E+04  0.25420E+04  0.37364E+04  0.44503E+04
      0.06500  0.26209E+04  0.15726E+04  0.20520E+04  0.27960E+04  0.38703E+04
      0.06600  0.29566E+03  0.12489E+04  0.18005E+04  0.22059E+04  0.31615E+04
      0.06700  0.15803E+03  0.97126E+03  0.14423E+04  0.18710E+04  0.27362E+04
      0.06800  0.83515E+01  0.85617E+03  0.12533E+04  0.16171E+04  0.22018E+04
      0.06900  0.19386E+02  0.72867E+03  0.11041E+04  0.12973E+04  0.17720E+04
      0.07000  0.18167E+04  0.74822E+03  0.95669E+03  0.11506E+04  0.17090E+04
      0.07100  0.25167E+03  0.49357E+03  0.88819E+03  0.10382E+04  0.13822E+04
      0.07200  0.16199E+03  0.38766E+03  0.64905E+03  0.80466E+03  0.11898E+04
      0.07300  0.40021E+02  0.40968E+03  0.56580E+03  0.76489E+03  0.10407E+04
      0.07400  0.20002E+02  0.39051E+03  0.50748E+03  0.70990E+03  0.87561E+03
      0.07500  0.60231E+02  0.35516E+03  0.49767E+03  0.59808E+03  0.79380E+03
      0.07600  0.16207E+02  0.33227E+03  0.53822E+03  0.58905E+03  0.69603E+03
      0.07700  0.26129E+02  0.19244E+03  0.43541E+03  0.49738E+03  0.68620E+03
      0.07800  0.00000E+00  0.22902E+03  0.38427E+03  0.40905E+03  0.52969E+03
      0.07900  0.55983E+03  0.23932E+03  0.29606E+03  0.36250E+03  0.51980E+03
      0.08000  0.84231E+03  0.21955E+03  0.28334E+03  0.32725E+03  0.39967E+03
      0.08100  0.33713E+03  0.30987E+03  0.24532E+03  0.41380E+03  0.42390E+03
      0.08200  0.26823E+03  0.19516E+03  0.28596E+03  0.34888E+03  0.39757E+03
      0.08300  0.28865E+02  0.15926E+03  0.24144E+03  0.34618E+03  0.37196E+03
      0.08400  0.16524E+03  0.14554E+03  0.18323E+03  0.21102E+03  0.30733E+03
      0.08500  0.61951E+02  0.12292E+03  0.15055E+03  0.20365E+03  0.25860E+03
      0.08600  0.15930E+02  0.11209E+03  0.15808E+03  0.18419E+03  0.26133E+03
      0.08700  0.57418E+02  0.63864E+02  0.13418E+03  0.16583E+03  0.23532E+03
      0.08800  0.00000E+00  0.64788E+02  0.92564E+02  0.14444E+03  0.21606E+03
      0.08900  0.47453E+02  0.52964E+02  0.11321E+03  0.11336E+03  0.17871E+03
      0.09000  0.43414E+02  0.35305E+02  0.40804E+02  0.11221E+03  0.13529E+03
      0.09100  0.70285E+01  0.23008E+02  0.34356E+02  0.10120E+03  0.10116E+03
      0.09200  0.42338E+02  0.24886E+02  0.21499E+02  0.70658E+02  0.11409E+03
      0.09300  0.00000E+00  0.25461E+02  0.13872E+02  0.46932E+02  0.10660E+03
      0.09400  0.00000E+00  0.28725E+02  0.26979E+02  0.48804E+02  0.90089E+02
      0.09500  0.00000E+00  0.30245E+02  0.29450E+02  0.52072E+02  0.93852E+02
      0.09600  0.00000E+00  0.16009E+02  0.34103E+02  0.46808E+02  0.59525E+02
      0.09700  0.00000E+00  0.91099E+01  0.16942E+02  0.41125E+02  0.60402E+02
      0.09800  0.00000E+00  0.20364E+01  0.36337E+02  0.31953E+02  0.45841E+02
      0.09900  0.71305E+02  0.13081E+02  0.29825E+02  0.29876E+02  0.28348E+02
      0.10000  0.27362E+02  0.20463E+02  0.96028E+01  0.39630E+02  0.36117E+02
      0.10100  0.14748E+01  0.13082E+02  0.98450E+01  0.24147E+02  0.42492E+02
      0.10200  0.14650E+02  0.21488E+02  0.26411E+02  0.22900E+02  0.41188E+02
      0.10300  0.00000E+00  0.13